-1.0,-1.0,-0.9746372250078761,-1.0405260560397407,-0.6466731779945283,-1.0700609251276294
-1.0,-1.0,-0.8531969689629244,-1.1482795193467497,-2.0514244598647635,-2.0132565657978256
-1.0,-1.0,-0.9811896154138775,-0.8001172293737254,-2.0514244598647635,-1.459688553462938
0.0,-2.0,0.25074798498338957,-2.005475381203712,-1.7473617186814259,-1.1827905676861201
0.0,-2.0,0.2956653259234996,-1.7057754968871648,-1.7473617186814259,-1.252045380444854
1.0,-2.0,0.9940944941916088,-1.8655489458079253,0.3520508202567083,0.16428888253176077
1.0,-2.0,0.9962056755182276,-1.9822722840245868,0.3520508202567083,-0.28707176702221726
1.0,-1.0,1.0000096647647592,-0.7615657992205718,-0.8458942745972657,-0.9390419176878053
1.0,-1.0,1.025426819782501,-0.9947759584745547,-0.8458942745972657,-1.2495089382489435
1.0,-1.0,0.818298232212721,-1.0026779307798637,-2.1998391661519636,-2.0018507170560733
1.0,-1.0,0.7444922801178977,-0.9913892112018464,-2.1998391661519636,-1.9384186951862996
1.0,-1.0,1.2800444327504046,-1.002536329484657,-2.1998391661519636,-1.8487963091397377
1.0,-1.0,0.849824159444968,-1.1532764300797202,-2.1998391661519636,-1.8046258850831487
2.0,-1.0,1.988193018146608,-0.9968772489407172,-0.9126575909569521,-1.036006536314287
2.0,-1.0,1.7622565271584545,-0.9600243548515512,-0.9126575909569521,-1.298613676266839
2.0,-1.0,1.7622565271584545,-0.9600243548515512,-1.410896496255749,-1.298613676266839
2.0,-1.0,1.988193018146608,-0.9968772489407172,-1.410896496255749,-1.036006536314287
1.0,-1.0,1.025426819782501,-0.9947759584745547,-1.0339452554011312,-1.2495089382489435
1.0,-1.0,1.0000096647647592,-0.7615657992205718,-1.0339452554011312,-0.9390419176878053
1.0,0.0,1.0293964400822402,0.21476181668144712,-0.5864228826514286,-0.4564775333611111
1.0,0.0,1.2515049468603041,0.011220041884988596,-0.5864228826514286,-0.8361138702759138
1.0,0.0,0.7703651324989167,0.2318601674903975,-0.5864228826514286,-0.11081731057418898
1.0,1.0,0.8516805279281343,0.8503027862775412,0.0698199001636941,0.2444498146768641
1.0,1.0,1.164594626067076,1.1941572237770024,0.0698199001636941,-0.34189997478373957
1.0,1.0,1.2040577732343638,1.0233732472023496,0.0698199001636941,-0.6068520792993689
2.0,2.0,2.1698282110351013,2.0173613816188865,-2.2276870918737766,-1.953021862384185
2.0,2.0,2.149398375331454,2.162140432737447,-2.2276870918737766,-1.8976714205630834
2.0,2.0,1.8348885337780723,1.865210472471103,-2.2276870918737766,-1.8142844646360374
2.0,2.0,1.990698065208457,2.218385342561189,-2.2276870918737766,-1.4158690330348886
1.0,1.0,0.8516805279281343,0.8503027862775412,0.36694768649907616,0.2444498146768641
1.0,1.0,1.164594626067076,1.1941572237770024,0.36694768649907616,-0.34189997478373957
0.0,0.0,0.20097288574751238,-0.0034284032962873523,-0.4294875131099056,-0.49052507593201766
1.0,0.0,1.2515049468603041,0.011220041884988596,-0.7437123021306036,-0.8361138702759138
1.0,0.0,1.0293964400822402,0.21476181668144712,-0.7437123021306036,-0.4564775333611111
2.0,0.0,1.989659156687968,-0.0022315572145603646,-0.967855962203447,-0.7536557225536059
2.0,0.0,1.8518706899372348,-0.16309697090702724,-0.967855962203447,-1.0879126644186206
2.0,0.0,1.9889282166605602,-0.016723993163851203,0.03522907505881845,-0.15896682026223863
2.0,0.0,1.989659156687968,-0.0022315572145603646,-0.9098995103598833,-0.7536557225536059
2.0,0.0,1.8518706899372348,-0.16309697090702724,-0.9098995103598833,-1.0879126644186206
1.0,-1.0,0.818298232212721,-1.0026779307798637,-1.9740604773689832,-2.0018507170560733
1.0,-1.0,0.7444922801178977,-0.9913892112018464,-1.9740604773689832,-1.9384186951862996
1.0,-1.0,0.849824159444968,-1.1532764300797202,-1.9740604773689832,-1.8046258850831487
1.0,-1.0,1.2800444327504046,-1.002536329484657,-1.9740604773689832,-1.8487963091397377
1.0,-1.0,1.025426819782501,-0.9947759584745547,-1.9740604773689832,-1.2495089382489435
0.0,-2.0,0.25074798498338957,-2.005475381203712,-0.819802215908648,-1.1827905676861201
0.0,-2.0,0.2956653259234996,-1.7057754968871648,-0.819802215908648,-1.252045380444854
1.0,-1.0,0.818298232212721,-1.0026779307798637,-2.4297851595312268,-2.0018507170560733
1.0,-1.0,0.7444922801178977,-0.9913892112018464,-2.4297851595312268,-1.9384186951862996
1.0,-1.0,1.2800444327504046,-1.002536329484657,-2.4297851595312268,-1.8487963091397377
1.0,-1.0,0.849824159444968,-1.1532764300797202,-2.4297851595312268,-1.8046258850831487
0.0,-1.0,0.17056468532182545,-0.8201978997674031,-0.22129306731817922,-0.2961713051707844
0.0,-1.0,-0.1753862505251924,-0.9837162258252056,-0.22129306731817922,-0.5573304669530272
-1.0,-1.0,-0.8531969689629244,-1.1482795193467497,-2.1700159178460137,-2.0132565657978256
-1.0,-1.0,-0.9811896154138775,-0.8001172293737254,-2.1700159178460137,-1.459688553462938
-1.0,0.0,-1.2101360507274155,-0.15360772888877516,1.0928186666074007,0.9309577450756104
-2.0,-1.0,-2.307846507220214,-1.2371997586979802,0.3495705881598865,0.231828259461762
-3.0,-2.0,-2.9883282180871715,-2.0174969519370385,-0.03983537768171341,-0.11129341048398256
-3.0,-2.0,-2.8269451894390047,-2.008027011179402,-0.03983537768171341,-0.4770365290420824
-3.0,-2.0,-2.8269451894390047,-2.008027011179402,-0.38803358686253153,-0.4770365290420824
-3.0,-2.0,-2.9883282180871715,-2.0174969519370385,-0.38803358686253153,-0.11129341048398256
-3.0,-2.0,-3.26023341702838,-2.0113038764456643,-0.38803358686253153,-0.9490151956289012
-2.0,-2.0,-2.2267753829633423,-2.0136959112191826,-0.8549569681161548,-0.8947093890700978
-3.0,-2.0,-3.26023341702838,-2.0113038764456643,-1.0035897785174792,-0.9490151956289012
-3.0,-2.0,-2.8269451894390047,-2.008027011179402,-1.0035897785174792,-0.4770365290420824
-4.0,-2.0,-3.9940889062589298,-2.1951519774463906,-0.8673440541949101,-0.4932300523196165
-4.0,-2.0,-4.222130132553838,-2.2472457732923816,-0.8673440541949101,-1.297727269183279
-4.0,-3.0,-3.980968758683024,-2.8042978493934383,1.1226062833430328,0.5481640603389837
-4.0,-2.0,-4.222130132553838,-2.2472457732923816,-1.4302063674982672,-1.297727269183279
-5.0,-3.0,-5.2681956557276255,-2.9938384673842666,-0.9464088983141932,-1.392954334773664
-6.0,-4.0,-6.039787137142434,-3.990345163089664,-3.1075193532386844,-2.443125452902735
-6.0,-4.0,-6.245893880925256,-4.7026069810222495,-3.1075193532386844,-3.0687787520053016
-6.0,-4.0,-5.786311238847367,-3.789396731001509,-0.8483894197914624,-0.9357284002438068
-5.0,-3.0,-5.2681956557276255,-2.9938384673842666,-1.2887356900425182,-1.392954334773664
-5.0,-3.0,-5.23377879322885,-3.2647930403886134,-1.2887356900425182,-1.4957876040734102
-6.0,-3.0,-6.155506267506364,-2.813853791209017,-1.577899848577672,-1.387042504351966
-6.0,-3.0,-5.993920957549658,-2.703677329987387,-1.577899848577672,-2.179597281082719
-7.0,-2.0,-7.001153404211613,-2.1784443531847373,-0.6470915269633168,-0.888967116545231
-7.0,-3.0,-6.800162204227415,-2.8335840381308484,-1.7976701265294601,-2.1808797519013208
-7.0,-3.0,-6.9957425784580645,-3.016915169386759,-1.7976701265294601,-1.2839083767986699
-7.0,-3.0,-6.773366801605883,-3.1977194176634662,1.1172960101934275,0.6044452236504576
-6.0,-4.0,-5.73985450188201,-4.01856378629925,-1.264377518203284,-1.4797461964006917
-6.0,-4.0,-5.786311238847367,-3.789396731001509,-1.264377518203284,-0.9357284002438068
-5.0,-4.0,-4.719247134785059,-4.254697781058721,-2.0281428854644084,-2.0875055386189
-5.0,-4.0,-5.193573089562626,-4.224346263799498,-2.0281428854644084,-2.478342168422733
-4.0,-5.0,-4.171833081610087,-4.9923139717741645,-2.2742620157330027,-2.212422320770896
-5.0,-5.0,-5.008526491267539,-4.98863200554274,-1.8384849881606504,-1.6253561683662683
-5.0,-5.0,-4.739048987191799,-4.984962971519498,-0.8962457271721687,-0.7410993395435728
-4.0,-5.0,-3.691570288134165,-5.013529920752808,-0.19560610854730065,-0.33667896179741874
-3.0,-5.0,-3.1917383943170825,-4.803173505211218,-0.7541587083021556,-1.008775338485989
-4.0,-4.0,-4.0190799409115705,-4.00318384080378,-2.0726194901230324,-1.8397381727441335
-4.0,-4.0,-4.156037174229348,-4.02164347864862,-1.3400049719232738,-1.1582404920035745
-4.0,-4.0,-4.0190799409115705,-4.00318384080378,-1.3400049719232738,-1.8397381727441335
-5.0,-4.0,-4.994696987984046,-4.008683531702458,-0.3607186500244759,-0.06125404742725238
-5.0,-4.0,-4.819649801409308,-3.8246155590844206,-0.3607186500244759,-0.5440817049391147
-4.0,-3.0,-4.234404208125257,-3.2671842051131046,-1.4057500966650178,-0.886260730050274
-5.0,-4.0,-4.994696987984046,-4.008683531702458,0.6548795718579066,-0.06125404742725238
-5.0,-4.0,-5.193573089562626,-4.224346263799498,-2.3201688176865978,-2.478342168422733
-5.0,-4.0,-4.719247134785059,-4.254697781058721,-2.3201688176865978,-2.0875055386189
-6.0,-5.0,-6.245893880925256,-4.7026069810222495,-3.200935552774863,-3.0687787520053016
-7.0,-4.0,-6.763829750214552,-3.775693300230277,-2.821039532788305,-2.6846968462569256
-6.0,-3.0,-5.993920957549658,-2.703677329987387,-2.2336284605866776,-2.179597281082719
-6.0,-3.0,-6.155506267506364,-2.813853791209017,-2.2336284605866776,-1.387042504351966
-6.0,-2.0,-5.99903350720471,-1.9968193264617535,-2.0812063693173544,-1.8557275444148393
-6.0,-2.0,-5.815411628349223,-1.828249188986562,-2.0812063693173544,-1.6527293102581444
-6.0,-2.0,-5.993920957549658,-2.703677329987387,-2.0812063693173544,-2.179597281082719
-6.0,-2.0,-6.228048882661006,-2.252590463731595,-2.0812063693173544,-1.3539849129591175
-6.0,-2.0,-6.228048882661006,-2.252590463731595,-1.1625611736115948,-1.3539849129591175
-6.0,-2.0,-5.815411628349223,-1.828249188986562,-1.1625611736115948,-1.6527293102581444
-7.0,-3.0,-6.800162204227415,-2.8335840381308484,-2.181058027905992,-2.1808797519013208
-6.0,-2.0,-5.99903350720471,-1.9968193264617535,-2.086187512529837,-1.8557275444148393
-6.0,-2.0,-5.815411628349223,-1.828249188986562,-2.086187512529837,-1.6527293102581444
-6.0,-2.0,-5.993920957549658,-2.703677329987387,-2.086187512529837,-2.179597281082719
-6.0,-2.0,-6.228048882661006,-2.252590463731595,-2.086187512529837,-1.3539849129591175
-5.0,-1.0,-4.984387002753651,-1.0004469352903618,0.28106886188488045,0.2838421409831646
-5.0,-1.0,-4.781274155761957,-0.7312878240592942,0.28106886188488045,0.17616463411667405
-5.0,-1.0,-4.984387002753651,-1.0004469352903618,0.3138821959802265,0.2838421409831646
-5.0,-1.0,-4.781274155761957,-0.7312878240592942,0.3138821959802265,0.17616463411667405
-4.0,0.0,-3.841131441677047,0.1561255441225815,-0.32608990179770947,-0.6484746991885264
-3.0,1.0,-3.227179292464315,1.0071874409543158,-2.2875069207229073,-1.7524424818172384
-4.0,1.0,-4.253866996538438,1.243696939666736,0.09506162864044665,-0.4774196049402648
-5.0,2.0,-5.19397709921526,1.8116283608871,-2.2008951756109534,-1.955993843675083
-6.0,1.0,-6.027848411530052,0.9833248262255077,-0.7457052334883361,-0.6791354233634709
-6.0,1.0,-5.995380804776148,1.1751430081247758,-0.7457052334883361,-0.2321184174360692
-6.0,1.0,-5.995380804776148,1.1751430081247758,-0.38655233800878896,-0.2321184174360692
-6.0,1.0,-6.027848411530052,0.9833248262255077,-0.38655233800878896,-0.6791354233634709
-6.0,2.0,-6.209902570588249,2.000915306236473,0.5811308293707642,0.36630502776425167
-7.0,2.0,-6.785718426381937,2.2002608493554283,-0.45012551917301524,-0.5806784209942919
-7.0,2.0,-7.266082889856228,2.250643156893841,-0.45012551917301524,-0.4185614669619243
-8.0,2.0,-7.9911495195319855,1.821024196842647,-2.7741123083579478,-2.611044502484035
-8.0,1.0,-7.838200305768776,1.1277357563987085,-1.9010467136216773,-1.6749862563166649
-7.0,2.0,-6.785718426381937,2.2002608493554283,-0.5867892440895345,-0.5806784209942919
-7.0,2.0,-7.266082889856228,2.250643156893841,-0.5867892440895345,-0.4185614669619243
-6.0,3.0,-6.0025950487026165,3.2297952767724496,-0.7142796776599492,-0.34229960358546896
-6.0,4.0,-6.013271847306828,4.237755753919885,0.8127723730556355,0.5958604173362383
-6.0,5.0,-5.74215702462153,4.729744942229186,-0.07525566811607964,-0.008037090128587776
-5.0,4.0,-4.766640885581866,4.250741174766629,0.2606576851335216,0.11463275777079929
-4.0,5.0,-3.713113246579795,5.006688547545471,-0.5517844299498778,-0.516077938527874
-3.0,5.0,-2.8562470669532,4.984410901586138,-0.4939781825493732,-0.47631362857003057
-3.0,5.0,-2.7477089082620205,4.749262243571276,-0.4939781825493732,-0.4199519665524897
-2.0,5.0,-1.7384436996862913,5.016527757410873,-0.39938671933557635,-0.572119349231316
-2.0,5.0,-2.2675737518939716,4.738263582644131,-0.39938671933557635,-0.3939433388654766
-1.0,5.0,-0.7636550131407174,5.00602922084441,-1.1409798759870353,-1.0762251616726495
0.0,5.0,-0.010569340894256207,5.233683465245021,-0.8649544779774101,-0.7808552860646458
0.0,5.0,-0.2518218827317641,4.75143700073421,-0.8649544779774101,-0.7464457399830586
-1.0,4.0,-1.0193177931003332,3.975944689084362,-0.42173454851134307,-0.5050500215379399
-1.0,4.0,-1.154285573550147,3.9990364772960234,-0.42173454851134307,-0.11076045134002732
-1.0,4.0,-1.1594903893533859,3.9994848872063784,-0.42173454851134307,-0.7909377510334232
-1.0,4.0,-1.1594903893533859,3.9994848872063784,-0.6939272191264128,-0.7909377510334232
-1.0,4.0,-1.0193177931003332,3.975944689084362,-0.6939272191264128,-0.5050500215379399
-2.0,4.0,-2.1339046088533946,4.142322467813775,-1.1464871155574365,-0.9246765737450396
-2.0,4.0,-1.8414969782784947,4.009310081646003,-1.1464871155574365,-0.8887278584833163
-2.0,4.0,-2.0042792915894685,4.192400576776368,-1.1464871155574365,-0.8995918463185778
-3.0,5.0,-2.8562470669532,4.984410901586138,0.13508442290781364,-0.47631362857003057
-3.0,5.0,-2.7477089082620205,4.749262243571276,0.13508442290781364,-0.4199519665524897
-2.0,4.0,-1.701227742559435,3.6989550138821006,-1.8936350244615519,-1.6860661285607061
-1.0,3.0,-1.2730527278993757,3.2419457221783192,-1.122286231560947,-1.1070105021264838
-2.0,4.0,-1.8414969782784947,4.009310081646003,-1.0782056729011695,-0.8887278584833163
-2.0,4.0,-2.1339046088533946,4.142322467813775,-1.0782056729011695,-0.9246765737450396
-2.0,4.0,-2.0042792915894685,4.192400576776368,-1.0782056729011695,-0.8995918463185778
-1.0,4.0,-1.154285573550147,3.9990364772960234,0.06961863097234522,-0.11076045134002732
-1.0,4.0,-1.0193177931003332,3.975944689084362,0.06961863097234522,-0.5050500215379399
-2.0,4.0,-1.8414969782784947,4.009310081646003,-0.9926967028690517,-0.8887278584833163
-2.0,4.0,-2.1339046088533946,4.142322467813775,-0.9926967028690517,-0.9246765737450396
-2.0,4.0,-2.0042792915894685,4.192400576776368,-0.9926967028690517,-0.8995918463185778
-2.0,5.0,-1.7384436996862913,5.016527757410873,-0.5959115615299007,-0.572119349231316
-2.0,5.0,-2.2675737518939716,4.738263582644131,-0.5959115615299007,-0.3939433388654766
-3.0,4.0,-2.6885117158760483,4.289755424037674,0.295304972434564,-0.22595584861390994
-2.0,5.0,-1.9953443211056223,5.003752638803031,-1.4727458301337693,-1.495593290416653
-2.0,5.0,-1.9963814964299775,5.242499936964292,-1.4727458301337693,-1.2992996551989182
-2.0,5.0,-1.9953443211056223,5.003752638803031,-1.5030676251452502,-1.495593290416653
-2.0,5.0,-1.9963814964299775,5.242499936964292,-1.5030676251452502,-1.2992996551989182
-2.0,6.0,-2.017618473032352,6.010339836044262,-0.6014600414368261,-0.4187430112311492
-2.0,6.0,-2.2494171759492154,6.229503666854068,-0.6014600414368261,-0.15494819614789268
-2.0,6.0,-2.2494171759492154,6.229503666854068,0.1261495613817265,-0.15494819614789268
-2.0,6.0,-2.017618473032352,6.010339836044262,0.1261495613817265,-0.4187430112311492
-3.0,7.0,-2.765165614155052,7.216546628611216,-0.952901737670658,-0.8478082847590345
-2.0,8.0,-1.711241019856737,7.970630849032418,-0.6194238454675799,-1.0833631259735783
-1.0,8.0,-0.7719502648634439,7.785505951939532,-2.2158331769793254,-1.9272668353832036
0.0,7.0,0.3089620945463143,7.011501230399453,-0.952107238630503,-1.150737804761198
1.0,7.0,0.7092640784601618,7.002622400921432,-1.7425998130562435,-1.5291359511719977
0.0,7.0,0.3089620945463143,7.011501230399453,-1.0569156196682632,-1.150737804761198
0.0,7.0,0.011758102947778237,6.97835880069138,-1.0569156196682632,-1.5811088820811918
0.0,7.0,0.010296009705004883,7.0073529031331425,-4.36677562830443,-3.357944302319517
0.0,7.0,0.3089620945463143,7.011501230399453,-0.7322131221153179,-1.150737804761198
0.0,7.0,0.24653319557868558,7.019569695027384,-0.7322131221153179,-0.25495475561184056
0.0,6.0,0.26714118602861503,5.995574374647685,-2.2186279583590114,-2.3780399782072097
1.0,6.0,0.8535267977858307,5.838864141363131,-2.8300797233759187,-2.492480965370407
0.0,5.0,-0.010569340894256207,5.233683465245021,-0.7153905558974964,-0.7808552860646458
0.0,5.0,-0.2518218827317641,4.75143700073421,-0.7153905558974964,-0.7464457399830586
0.0,6.0,0.02358744245732769,5.977043431376809,-1.0833666739119405,-0.9571090513582704
0.0,6.0,0.2027520151145663,5.798819992434432,-1.0833666739119405,-0.8999574008342047
0.0,6.0,0.02358744245732769,5.977043431376809,-0.4064512080702276,-0.9571090513582704
1.0,5.0,1.2436496983557581,5.010088426969819,-2.7681980616907653,-2.581258042718252
2.0,5.0,2.1743797930926045,4.843321465292462,-1.9817107001171774,-1.6347705441162073
3.0,4.0,2.7776273150967863,3.773438020520943,0.37815120483515896,0.12905074546038042
2.0,3.0,2.0006443901439663,2.741599835930582,-0.6940350139916366,-0.5846276604537235
2.0,3.0,2.262560018148443,3.2677455937145368,-0.6940350139916366,-0.9251713701917276
2.0,2.0,1.8441425551621262,2.0092463371370384,-0.18962897805677792,-0.078701007602473
1.0,2.0,1.0041256707875488,2.0003225904832505,0.5172167429498955,0.06071116734975113
1.0,2.0,0.9943178068512255,2.304040318613477,0.5172167429498955,-0.023288384017370434
1.0,2.0,0.7023201839244104,1.9759401046392648,-2.0910326332413414,-1.596117581994612
0.0,2.0,0.23938443959202438,1.7708011719306134,-0.34823525978635084,-0.38961916401638286
1.0,1.0,1.2040577732343638,1.0233732472023496,-0.48791487785883214,-0.6068520792993689
1.0,1.0,1.164594626067076,1.1941572237770024,-0.48791487785883214,-0.34189997478373957
2.0,1.0,2.1611829991716687,1.01144063635153,-1.161771440642442,-1.1896849215477179
3.0,1.0,2.819372970012725,1.205318019262433,-1.2967180199379038,-1.2558105644371156
2.0,2.0,1.8309646276747151,2.0097327194623507,-1.154176714936031,-1.0193572353835414
2.0,2.0,1.990698065208457,2.218385342561189,-1.154176714936031,-1.4158690330348886
1.0,2.0,1.0041256707875488,2.0003225904832505,-0.2641894108569496,0.06071116734975113
1.0,2.0,0.9943178068512255,2.304040318613477,-0.2641894108569496,-0.023288384017370434
1.0,3.0,1.0116279128558405,2.9912289566018218,0.5020248542834205,0.2618572880316179
1.0,3.0,0.7229506614867585,2.9976765630228064,-0.536824589255952,-0.5541165957372831
1.0,3.0,1.2985190397351825,3.2990607068126536,-0.536824589255952,-0.704129566538511
2.0,4.0,2.30845864907105,3.980133172243785,-1.052168737401698,-1.1328156394562683
3.0,4.0,3.301181933131369,3.7204581121109337,-1.1982927659757974,-1.1137789167472103
3.0,4.0,3.1824534061700973,3.814049009953635,-1.1982927659757974,-0.6571717572821887
4.0,3.0,3.8232823907089735,2.836914672587872,-0.9603056467821337,-0.9335067729117648
4.0,3.0,4.217319574671778,3.214060338533068,-0.9603056467821337,-1.1041563221098147
3.0,2.0,3.2569124835340757,1.7901285316038043,-0.8583766210287589,-0.8092976912111581
4.0,1.0,4.182284504447669,0.9942883435651304,-0.7479015050639837,-0.7902048448737208
4.0,1.0,4.242314973054802,1.0213546466987187,-0.7479015050639837,-0.3061195982718483
5.0,1.0,4.73219867193276,0.7253673157565852,-0.9873069478520061,-1.1304565295210387
5.0,1.0,4.73149051633504,1.007012581098238,-0.9873069478520061,-0.5355932445818
4.0,1.0,4.002834458946387,1.0063693406167,0.9206387209152267,0.6152115819479609
4.0,1.0,4.242314973054802,1.0213546466987187,-0.22779794223166272,-0.3061195982718483
4.0,1.0,4.182284504447669,0.9942883435651304,-0.22779794223166272,-0.7902048448737208
5.0,1.0,4.73149051633504,1.007012581098238,-0.4180988376540261,-0.5355932445818
4.0,0.0,4.179395495435208,-0.19693639352356773,-3.160936812829263,-2.544139124160518
5.0,-1.0,5.2581758766079,-0.7567869212992591,-0.10384912330391016,-0.5883130607680374
6.0,0.0,6.205676196460062,0.2503490700200508,-1.7762925938774414,-1.914123531550651
7.0,1.0,6.983241013433766,0.7763406437943103,-2.4192701909771506,-2.220801678025756
7.0,0.0,7.000090138003268,0.2627220794409011,-1.5282261374505954,-1.6334675802326464
7.0,1.0,6.983241013433766,0.7763406437943103,-1.9286876021351063,-2.220801678025756
7.0,1.0,6.732559382579162,1.0037631538853646,-1.9286876021351063,-1.4611593467082367
6.0,1.0,6.226647212741443,1.2156055817984925,-0.23893948111792918,-0.20695006405449323
7.0,2.0,7.0192758347407835,2.0126865944147543,-0.15426039817069914,-0.3395868413344788
7.0,2.0,7.014059218860027,1.9919307133213158,-1.0522697829360157,-1.5777892556653825
7.0,2.0,6.975382579612036,2.24172803026227,-3.1716623419672123,-2.4659169738101627
7.0,3.0,7.16093263717312,3.0285638103735746,-0.44586479244838617,-0.5183431555435853
7.0,3.0,7.244017534057541,3.006959343258856,-0.44586479244838617,-0.043721672354213426
7.0,3.0,6.998934317468314,3.210822548835205,-0.44586479244838617,-1.0522909618936334
8.0,3.0,7.766336648861342,2.984095410927092,-0.7480937742371512,-0.793346945955575
8.0,3.0,8.209188164635774,2.776916558225068,-0.7480937742371512,-0.5213688771931859
9.0,2.0,8.806867559503289,2.0208413188486074,0.39370382107751944,0.2273970107187988
8.0,2.0,7.988489244301048,1.8054552052235882,-0.6169076065800612,-0.6960950258553402
8.0,1.0,8.236735152841188,1.0005761623190894,-1.1628548766298996,-1.48817254132954
9.0,1.0,8.99591310521792,0.8581842556556725,-2.526995156890571,-2.1756422724797972
9.0,0.0,8.68374606178098,-0.2589680962552654,-0.3946859691744282,-0.7367724457747886
8.0,-1.0,7.985006785499946,-1.1660605058686522,-1.6009284420254448,-1.6141003694503033
8.0,-1.0,7.738229129047115,-0.9877595401693093,-1.6009284420254448,-0.8999052462087826
8.0,-2.0,8.00191757615492,-2.2692997081490276,-1.7399222612510883,-1.4381648848742568
9.0,-4.0,8.98264736909413,-4.016255922177464,-4.87839872477258,-3.999240443849016
9.0,-4.0,8.808703099455691,-3.790667261310356,0.2638550073671131,-0.17779920793577553
9.0,-4.0,8.995566478424529,-3.987551926072553,0.2638550073671131,-0.5001314504861113
8.0,-3.0,7.829516416135757,-3.1796266917904408,-1.7555739706320996,-1.9095326940618667
8.0,-3.0,7.695013175081849,-3.0240267869038933,-1.7555739706320996,-1.949878807465778
8.0,-3.0,8.264120540204956,-2.9977903389005784,-1.7555739706320996,-1.4146583109028223
8.0,-3.0,8.165732800726373,-3.202192521795138,-1.7555739706320996,-1.3216348148444315
9.0,-3.0,9.008284729830937,-3.202623038578896,-0.6788939575331345,-0.6256601016156842
9.0,-3.0,8.970641756428003,-3.2946070322690764,-0.6788939575331345,-1.0974613182859592
9.0,-4.0,8.995566478424529,-3.987551926072553,-0.33505880381972264,-0.5001314504861113
9.0,-4.0,8.808703099455691,-3.790667261310356,-0.33505880381972264,-0.17779920793577553
9.0,-4.0,8.703573881075696,-3.9594120922039737,-1.0936371608355984,-1.1480988020945437
9.0,-4.0,8.71979053256317,-3.747496379475275,-1.0936371608355984,-1.2402058139759982
9.0,-4.0,8.995566478424529,-3.987551926072553,-1.0936371608355984,-0.5001314504861113
8.0,-4.0,7.836613416012284,-4.002710824274695,-1.395895836354098,-1.4693874294196063
7.0,-4.0,7.025135840010146,-4.003886139294052,-1.891026399336977,-1.6669545317599703
7.0,-4.0,6.711044325569024,-4.007422659691185,-1.891026399336977,-1.6357619099183354
7.0,-4.0,6.999596003730399,-4.290943345105029,-1.891026399336977,-2.204434030826972
6.0,-4.0,5.8300939124878415,-4.1684588411348376,-0.9603910850051038,-0.9759428079113864
6.0,-4.0,6.164489003890478,-4.158844382255415,-0.9603910850051038,-0.5224249853128637
6.0,-4.0,5.713304738390018,-3.7155176389047453,-0.9603910850051038,-1.2925416085968435
5.0,-3.0,5.203274349074427,-3.174611331347246,-2.152541099647719,-2.0452744489957233
6.0,-4.0,6.293864919327067,-3.998455739335232,-1.6577529491275216,-1.7624995182875605
6.0,-4.0,5.713304738390018,-3.7155176389047453,-1.6577529491275216,-1.2925416085968435
6.0,-4.0,5.8300939124878415,-4.1684588411348376,-1.6577529491275216,-0.9759428079113864
7.0,-4.0,6.999596003730399,-4.290943345105029,-2.1327067704584004,-2.204434030826972
7.0,-4.0,7.025135840010146,-4.003886139294052,-2.1327067704584004,-1.6669545317599703
7.0,-4.0,6.711044325569024,-4.007422659691185,-2.1327067704584004,-1.6357619099183354
7.0,-4.0,7.007123976532402,-4.146155975412768,0.23822876424348327,0.3053210401752775
7.0,-4.0,7.200688360095391,-3.787025708769056,0.23822876424348327,0.3613267643656577
7.0,-4.0,6.792284335436513,-3.805195799870777,0.23822876424348327,-0.0010383840274812428
7.0,-4.0,6.76214592744541,-4.241341060946928,0.23822876424348327,-0.12224170111638855
7.0,-4.0,6.841429320997451,-3.820077836801856,0.23822876424348327,-0.44473903245786517
7.0,-5.0,7.001739060763816,-5.163454973819352,0.666001744342843,0.4622050837444909
7.0,-5.0,7.007768761335349,-4.798273783919681,0.666001744342843,-0.09703575257379915
7.0,-5.0,6.985313371679312,-5.237580035599657,0.666001744342843,-0.1889422187529637
7.0,-6.0,7.2805135589704975,-6.016689713837359,-0.5236191784228458,-0.5629062038853687
7.0,-6.0,6.751343430808956,-5.78533234676944,-0.5236191784228458,-0.33396531352374326
7.0,-6.0,6.752895212300754,-5.7473702735186505,-0.5236191784228458,-0.9686870051394207
8.0,-6.0,8.001766891606282,-6.15475115734032,-0.7304645980125202,-0.6647010362768825
8.0,-6.0,7.982481423972063,-6.024981255264136,-0.7304645980125202,-1.1162112438808625
8.0,-7.0,8.01495412826741,-6.832157054199943,-0.27370301923982254,-0.14558392598789205
8.0,-6.0,8.008606812843508,-5.782203846188329,0.5138068785876724,0.004220179826330384
8.0,-5.0,7.995679654790347,-4.985830737556232,-1.5128207348906493,-1.4570583325208293
8.0,-5.0,8.034593704546484,-4.698366918540349,-1.5128207348906493,-1.0674795076234365
8.0,-4.0,7.746972517533335,-3.9861244483475726,0.3687753022085498,0.4228190137758676
8.0,-4.0,8.252635249595432,-4.206112402133318,0.3687753022085498,0.09484927373343233
8.0,-4.0,8.15215339223087,-3.8331259079917754,0.3687753022085498,-0.10443424805607437
9.0,-5.0,9.003721378061911,-5.154458718272543,-0.8000273504451343,-1.1115065431938225
9.0,-5.0,8.79799275814018,-4.839365246021712,-0.8000273504451343,-0.5578575732100165
8.0,-4.0,7.746972517533335,-3.9861244483475726,0.44903189233974716,0.4228190137758676
8.0,-4.0,8.252635249595432,-4.206112402133318,0.44903189233974716,0.09484927373343233
8.0,-4.0,8.15215339223087,-3.8331259079917754,0.44903189233974716,-0.10443424805607437
7.0,-4.0,7.007123976532402,-4.146155975412768,0.4378437544760132,0.3053210401752775
7.0,-4.0,7.200688360095391,-3.787025708769056,0.4378437544760132,0.3613267643656577
7.0,-4.0,6.792284335436513,-3.805195799870777,0.4378437544760132,-0.0010383840274812428
7.0,-4.0,6.76214592744541,-4.241341060946928,0.4378437544760132,-0.12224170111638855
7.0,-4.0,6.841429320997451,-3.820077836801856,0.4378437544760132,-0.44473903245786517
6.0,-5.0,5.839691168974101,-4.986459662488532,-1.9992947197752322,-2.4028132046251742
6.0,-5.0,5.74933816878156,-5.234626814846084,-1.9992947197752322,-1.7236502621880152
6.0,-5.0,6.000678336571464,-4.995953115276549,-1.9992947197752322,-1.4483585950442235
6.0,-5.0,5.83158998223678,-5.008586660341517,-1.9992947197752322,-1.448878106405906
6.0,-5.0,6.156586277039142,-5.155343683691115,-1.9992947197752322,-1.3998145508271869
5.0,-6.0,4.992670889525523,-5.788963274251254,-0.8531738358994326,-0.7168513947690307
5.0,-6.0,4.990893613251507,-5.816726750830312,-0.8531738358994326,-0.6484917434988825
5.0,-6.0,5.273006913170883,-5.714821079873588,-0.8531738358994326,-0.6920412316320911
5.0,-6.0,4.699767139596617,-5.72312911581961,-0.8531738358994326,-1.1985330418219746
5.0,-6.0,5.029730671413848,-6.0155737616730285,-0.8531738358994326,-0.16678231468676685
4.0,-5.0,4.007022212799883,-5.006096313845402,-2.050423763719315,-1.6707657964768694
4.0,-5.0,4.038362455636157,-4.968420623903301,-0.37896934794584825,-0.26550528790670735
4.0,-5.0,4.18361020852206,-4.818971689980788,-0.37896934794584825,-0.6422582040677283
4.0,-5.0,4.038362455636157,-4.968420623903301,-0.08421322287422395,-0.26550528790670735
4.0,-5.0,4.18361020852206,-4.818971689980788,-0.08421322287422395,-0.6422582040677283
5.0,-4.0,4.74079290234769,-3.9936513360101946,-3.0467814516970493,-2.3393148221704965
4.0,-4.0,3.858915706595303,-4.002363900520406,-0.22796463390766697,0.0001998750447778086
3.0,-4.0,3.1625639223737654,-4.00362933227634,1.1126812656126464,0.6020613724962449
4.0,-4.0,3.998848746233687,-3.775248275135103,-1.901120676781898,-1.6915867907988944
4.0,-3.0,3.982519745926858,-2.7363434836503724,-0.9086883337106264,-0.6747270015352105
4.0,-2.0,4.327436101805444,-2.2794806251263844,0.09266396519491105,-0.006911909731732391
5.0,-3.0,4.9985579637101765,-3.150157947205199,-0.33143229125529505,-0.6420657832830038
5.0,-4.0,4.74079290234769,-3.9936513360101946,-2.157064762263233,-2.3393148221704965
5.0,-4.0,5.249333838243033,-4.243237185255703,-2.157064762263233,-1.9774838861782602
5.0,-4.0,4.763003409082351,-3.764868925290928,-2.157064762263233,-1.5070107394109367
6.0,-5.0,6.000678336571464,-4.995953115276549,-1.4383455361090949,-1.4483585950442235
6.0,-5.0,5.83158998223678,-5.008586660341517,-1.4383455361090949,-1.448878106405906
6.0,-5.0,6.156586277039142,-5.155343683691115,-1.4383455361090949,-1.3998145508271869
6.0,-5.0,6.20922543355695,-4.981842502746289,-1.4383455361090949,-1.073766071057304
6.0,-5.0,5.74933816878156,-5.234626814846084,-1.4383455361090949,-1.7236502621880152
7.0,-6.0,6.753409522945716,-5.767487671039855,-1.1859784294526712,-1.2489507013340935
7.0,-6.0,6.752895212300754,-5.7473702735186505,-1.1859784294526712,-0.9686870051394207
7.0,-6.0,7.2805135589704975,-6.016689713837359,-1.1859784294526712,-0.5629062038853687
6.0,-5.0,6.000678336571464,-4.995953115276549,-1.3436497701494632,-1.4483585950442235
6.0,-5.0,5.83158998223678,-5.008586660341517,-1.3436497701494632,-1.448878106405906
6.0,-5.0,6.156586277039142,-5.155343683691115,-1.3436497701494632,-1.3998145508271869
6.0,-5.0,6.20922543355695,-4.981842502746289,-1.3436497701494632,-1.073766071057304
6.0,-5.0,5.74933816878156,-5.234626814846084,-1.3436497701494632,-1.7236502621880152
7.0,-5.0,7.007768761335349,-4.798273783919681,0.018715180250336694,-0.09703575257379915
7.0,-5.0,6.985313371679312,-5.237580035599657,0.018715180250336694,-0.1889422187529637
7.0,-5.0,7.001739060763816,-5.163454973819352,0.018715180250336694,0.4622050837444909
7.0,-5.0,7.209386599012982,-4.983987265294168,0.018715180250336694,-0.423542981612114
7.0,-5.0,7.017266522617394,-4.726650704233263,0.018715180250336694,-0.6434175276090062
8.0,-5.0,7.995679654790347,-4.985830737556232,-1.9714593958939544,-1.4570583325208293
8.0,-5.0,8.199208601861326,-4.998620703167681,-0.18656362249199787,-0.33103984610009995
8.0,-5.0,8.012800723720712,-5.260421732856783,-0.18656362249199787,-0.4512258645393026
9.0,-5.0,9.003721378061911,-5.154458718272543,-0.9547431257363262,-1.1115065431938225
9.0,-5.0,8.79799275814018,-4.839365246021712,-0.9547431257363262,-0.5578575732100165
9.0,-6.0,8.7893402138301,-5.992499878059643,-1.8604160426114116,-1.5448001722497382
8.0,-6.0,8.001766891606282,-6.15475115734032,-0.5455708139541309,-0.6647010362768825
8.0,-6.0,7.982481423972063,-6.024981255264136,-0.5455708139541309,-1.1162112438808625
8.0,-6.0,8.008606812843508,-5.782203846188329,-0.5455708139541309,0.004220179826330384
8.0,-6.0,8.012351913890518,-5.86224564301332,-3.002078780000612,-2.775663710701933
8.0,-5.0,7.995679654790347,-4.985830737556232,-1.4208043778761152,-1.4570583325208293
8.0,-5.0,8.034593704546484,-4.698366918540349,-1.4208043778761152,-1.0674795076234365
8.0,-6.0,7.747980715276917,-5.777204254073977,2.1957607398044217,1.521855052941678
7.0,-5.0,7.017266522617394,-4.726650704233263,-0.7278062159379715,-0.6434175276090062
7.0,-5.0,7.209386599012982,-4.983987265294168,-0.7278062159379715,-0.423542981612114
7.0,-5.0,6.985313371679312,-5.237580035599657,-0.7278062159379715,-0.1889422187529637
7.0,-5.0,7.007768761335349,-4.798273783919681,-0.7278062159379715,-0.09703575257379915
7.0,-4.0,6.841429320997451,-3.820077836801856,-0.38121478109588225,-0.44473903245786517
7.0,-4.0,6.76214592744541,-4.241341060946928,-0.38121478109588225,-0.12224170111638855
7.0,-4.0,6.792284335436513,-3.805195799870777,-0.38121478109588225,-0.0010383840274812428
7.0,-4.0,7.270549151565984,-3.746368499713364,-0.38121478109588225,-0.9225749953982119
7.0,-4.0,7.007123976532402,-4.146155975412768,-0.38121478109588225,0.3053210401752775
8.0,-3.0,7.695013175081849,-3.0240267869038933,-2.3961003777629797,-1.949878807465778
8.0,-3.0,7.829516416135757,-3.1796266917904408,-2.3961003777629797,-1.9095326940618667
7.0,-3.0,6.791663089192725,-3.1945719496474627,-0.9665269273100018,-0.904678263608439
6.0,-4.0,6.164489003890478,-4.158844382255415,-0.6203015254095665,-0.5224249853128637
6.0,-4.0,5.8300939124878415,-4.1684588411348376,-0.6203015254095665,-0.9759428079113864
7.0,-5.0,7.007768761335349,-4.798273783919681,0.03652486703152391,-0.09703575257379915
7.0,-5.0,6.985313371679312,-5.237580035599657,0.03652486703152391,-0.1889422187529637
7.0,-5.0,7.001739060763816,-5.163454973819352,0.03652486703152391,0.4622050837444909
7.0,-5.0,7.209386599012982,-4.983987265294168,0.03652486703152391,-0.423542981612114
7.0,-5.0,7.017266522617394,-4.726650704233263,0.03652486703152391,-0.6434175276090062
7.0,-4.0,6.841429320997451,-3.820077836801856,-0.5907077045657806,-0.44473903245786517
7.0,-4.0,7.270549151565984,-3.746368499713364,-0.5907077045657806,-0.9225749953982119
7.0,-4.0,6.76214592744541,-4.241341060946928,-0.5907077045657806,-0.12224170111638855
7.0,-4.0,6.792284335436513,-3.805195799870777,-0.5907077045657806,-0.0010383840274812428
6.0,-3.0,5.996696051895983,-2.993457551869416,0.2709116691897888,-0.09496118318111524
6.0,-3.0,6.17358447221403,-3.1643951127809595,0.2709116691897888,-0.06684309630132723
6.0,-3.0,5.986271719032533,-3.0183233165329644,-1.624483697634825,-1.4686624588659294
6.0,-3.0,6.026590216,-3.231528082774589,-1.624483697634825,-1.9922566680176357
6.0,-3.0,6.232242954200442,-3.2217539967336557,-1.624483697634825,-1.235505159073016
6.0,-3.0,5.736988472863139,-2.7280674061988512,-1.624483697634825,-2.0872192010918424
6.0,-3.0,6.232242954200442,-3.2217539967336557,-1.108220124059181,-1.235505159073016
6.0,-3.0,5.986271719032533,-3.0183233165329644,-1.108220124059181,-1.4686624588659294
7.0,-4.0,7.025135840010146,-4.003886139294052,-1.7486065072092265,-1.6669545317599703
7.0,-4.0,6.711044325569024,-4.007422659691185,-1.7486065072092265,-1.6357619099183354
7.0,-4.0,6.999596003730399,-4.290943345105029,-1.7486065072092265,-2.204434030826972
8.0,-4.0,8.15215339223087,-3.8331259079917754,0.10662832086651863,-0.10443424805607437
8.0,-4.0,8.252635249595432,-4.206112402133318,0.10662832086651863,0.09484927373343233
8.0,-4.0,7.746972517533335,-3.9861244483475726,0.10662832086651863,0.4228190137758676
9.0,-3.0,8.970641756428003,-3.2946070322690764,-1.2336113393766903,-1.0974613182859592
9.0,-3.0,9.008284729830937,-3.202623038578896,-1.2336113393766903,-0.6256601016156842
9.0,-4.0,8.995566478424529,-3.987551926072553,-0.7958386885627712,-0.5001314504861113
9.0,-4.0,8.703573881075696,-3.9594120922039737,-0.7958386885627712,-1.1480988020945437
9.0,-4.0,8.71979053256317,-3.747496379475275,-0.7958386885627712,-1.2402058139759982
9.0,-4.0,8.808703099455691,-3.790667261310356,-0.7958386885627712,-0.17779920793577553
8.0,-3.0,7.695013175081849,-3.0240267869038933,-2.4929058848873407,-1.949878807465778
8.0,-3.0,7.829516416135757,-3.1796266917904408,-2.4929058848873407,-1.9095326940618667
7.0,-4.0,7.007123976532402,-4.146155975412768,0.6735242452313508,0.3053210401752775
7.0,-4.0,7.200688360095391,-3.787025708769056,0.6735242452313508,0.3613267643656577
7.0,-4.0,6.792284335436513,-3.805195799870777,0.6735242452313508,-0.0010383840274812428
7.0,-4.0,6.76214592744541,-4.241341060946928,0.6735242452313508,-0.12224170111638855
6.0,-3.0,6.026590216,-3.231528082774589,-2.3457123382734877,-1.9922566680176357
6.0,-3.0,5.736988472863139,-2.7280674061988512,-2.3457123382734877,-2.0872192010918424
6.0,-4.0,5.8300939124878415,-4.1684588411348376,-0.8155904053460231,-0.9759428079113864
6.0,-4.0,6.164489003890478,-4.158844382255415,-0.8155904053460231,-0.5224249853128637
6.0,-4.0,5.713304738390018,-3.7155176389047453,-0.8155904053460231,-1.2925416085968435
5.0,-5.0,5.204845273818494,-5.22538485623492,-1.7358054567629966,-1.9665534166753837
5.0,-5.0,4.962995735695381,-5.291637370179821,-1.7358054567629966,-1.2901058081308892
5.0,-6.0,5.029730671413848,-6.0155737616730285,0.03517109987126754,-0.16678231468676685
5.0,-6.0,4.814255328929676,-6.17321344401886,0.03517109987126754,0.03419734133873176
5.0,-6.0,4.990893613251507,-5.816726750830312,0.03517109987126754,-0.6484917434988825
5.0,-6.0,4.992670889525523,-5.788963274251254,0.03517109987126754,-0.7168513947690307
5.0,-5.0,5.268842529307522,-4.987604852996214,-3.562932528195596,-3.086415952792008
6.0,-5.0,6.000678336571464,-4.995953115276549,-1.6667682566415534,-1.4483585950442235
6.0,-5.0,5.83158998223678,-5.008586660341517,-1.6667682566415534,-1.448878106405906
6.0,-5.0,6.156586277039142,-5.155343683691115,-1.6667682566415534,-1.3998145508271869
6.0,-5.0,5.74933816878156,-5.234626814846084,-1.6667682566415534,-1.7236502621880152
6.0,-5.0,6.20922543355695,-4.981842502746289,-1.6667682566415534,-1.073766071057304
5.0,-5.0,4.996644012415215,-5.264536940844723,-0.410254016729352,-0.26227626380009517
5.0,-5.0,4.984826610017246,-5.170446521741589,-0.410254016729352,0.22175734632695976
5.0,-6.0,5.029730671413848,-6.0155737616730285,0.0732237086865759,-0.16678231468676685
5.0,-6.0,4.814255328929676,-6.17321344401886,0.0732237086865759,0.03419734133873176
5.0,-6.0,4.990893613251507,-5.816726750830312,0.0732237086865759,-0.6484917434988825
5.0,-6.0,4.992670889525523,-5.788963274251254,0.0732237086865759,-0.7168513947690307
4.0,-7.0,4.188023594861643,-6.757295144280457,-0.20012061728290154,-0.7888989636181611
5.0,-6.0,5.01976332775099,-6.0195934506954805,-3.050046540655994,-2.376012947864236
5.0,-6.0,5.029730671413848,-6.0155737616730285,-0.29025821695679177,-0.16678231468676685
5.0,-6.0,4.990893613251507,-5.816726750830312,-0.29025821695679177,-0.6484917434988825
5.0,-6.0,4.814255328929676,-6.17321344401886,-0.29025821695679177,0.03419734133873176
5.0,-6.0,4.992670889525523,-5.788963274251254,-0.29025821695679177,-0.7168513947690307
5.0,-6.0,5.273006913170883,-5.714821079873588,-0.29025821695679177,-0.6920412316320911
5.0,-6.0,4.814255328929676,-6.17321344401886,0.0928679236280534,0.03419734133873176
5.0,-6.0,5.029730671413848,-6.0155737616730285,0.0928679236280534,-0.16678231468676685
5.0,-6.0,4.990893613251507,-5.816726750830312,0.0928679236280534,-0.6484917434988825
6.0,-5.0,5.839691168974101,-4.986459662488532,-2.970245126304352,-2.4028132046251742
5.0,-5.0,4.984826610017246,-5.170446521741589,0.3644566438077046,0.22175734632695976
5.0,-5.0,4.996644012415215,-5.264536940844723,0.3644566438077046,-0.26227626380009517
5.0,-6.0,4.990893613251507,-5.816726750830312,-0.4556527821162367,-0.6484917434988825
5.0,-6.0,5.029730671413848,-6.0155737616730285,-0.4556527821162367,-0.16678231468676685
5.0,-6.0,4.992670889525523,-5.788963274251254,-0.4556527821162367,-0.7168513947690307
5.0,-6.0,5.273006913170883,-5.714821079873588,-0.4556527821162367,-0.6920412316320911
5.0,-6.0,4.814255328929676,-6.17321344401886,-0.4556527821162367,0.03419734133873176
5.0,-5.0,5.204845273818494,-5.22538485623492,-1.7008553101507702,-1.9665534166753837
5.0,-5.0,4.962995735695381,-5.291637370179821,-1.7008553101507702,-1.2901058081308892
6.0,-6.0,6.213607138954215,-6.290875934546017,-2.9284578385345172,-2.6532495088002257
7.0,-7.0,6.829445149548281,-6.79547484066966,-2.0507956105259897,-1.5458319065665629
6.0,-6.0,6.001673428506996,-6.172067968857507,0.5933069132514508,0.7144169265114448
6.0,-7.0,5.741960326852495,-7.259622500283765,1.3921807992854576,1.2301016650015888
5.0,-8.0,5.193668940182947,-7.783769083598116,0.8255775805022567,0.18308208385790725
6.0,-7.0,5.835200975128171,-6.991429437687512,-1.9689671834569937,-1.880748117510446
5.0,-7.0,5.247491893467399,-6.964531680206089,-1.4515836325899354,-1.3981769413313316
6.0,-7.0,6.208013374582658,-6.805906090600272,-1.1198132596268038,-0.6738687644677404
7.0,-6.0,6.984576974275002,-5.810504495118792,1.1989721867435312,0.9248274893604429
7.0,-5.0,7.209386599012982,-4.983987265294168,-0.2929833311479948,-0.423542981612114
7.0,-5.0,6.985313371679312,-5.237580035599657,-0.2929833311479948,-0.1889422187529637
7.0,-5.0,7.007768761335349,-4.798273783919681,-0.2929833311479948,-0.09703575257379915
7.0,-5.0,7.017266522617394,-4.726650704233263,-0.2929833311479948,-0.6434175276090062
7.0,-6.0,6.751343430808956,-5.78533234676944,0.20933923154119616,-0.33396531352374326
7.0,-6.0,7.2805135589704975,-6.016689713837359,0.20933923154119616,-0.5629062038853687
6.0,-5.0,5.839691168974101,-4.986459662488532,-2.093445333060168,-2.4028132046251742
6.0,-5.0,5.74933816878156,-5.234626814846084,-2.093445333060168,-1.7236502621880152
6.0,-5.0,6.000678336571464,-4.995953115276549,-2.093445333060168,-1.4483585950442235
6.0,-5.0,5.83158998223678,-5.008586660341517,-2.093445333060168,-1.448878106405906
6.0,-5.0,6.156586277039142,-5.155343683691115,-2.093445333060168,-1.3998145508271869
6.0,-5.0,6.288510457399615,-5.295248586467621,1.7030873492635243,0.9628167161511307
7.0,-6.0,6.752895212300754,-5.7473702735186505,-0.9251483937811603,-0.9686870051394207
7.0,-6.0,7.2805135589704975,-6.016689713837359,-0.9251483937811603,-0.5629062038853687
7.0,-6.0,6.753409522945716,-5.767487671039855,-0.9251483937811603,-1.2489507013340935
7.0,-6.0,6.751343430808956,-5.78533234676944,-0.9251483937811603,-0.33396531352374326
6.0,-5.0,6.20922543355695,-4.981842502746289,-1.1684658538617305,-1.073766071057304
6.0,-5.0,6.000678336571464,-4.995953115276549,-1.1684658538617305,-1.4483585950442235
6.0,-5.0,6.156586277039142,-5.155343683691115,-1.1684658538617305,-1.3998145508271869
6.0,-5.0,5.83158998223678,-5.008586660341517,-1.1684658538617305,-1.448878106405906
6.0,-5.0,5.743315174509937,-4.717107618804139,-1.1684658538617305,-0.6990364917795604
6.0,-5.0,5.74933816878156,-5.234626814846084,-1.1684658538617305,-1.7236502621880152
5.0,-4.0,5.2276614499039145,-3.782358139985896,0.4796228943480785,0.3641883406786155
6.0,-3.0,5.996696051895983,-2.993457551869416,-0.10118923615318376,-0.09496118318111524
6.0,-3.0,6.17358447221403,-3.1643951127809595,-0.10118923615318376,-0.06684309630132723
7.0,-4.0,7.007123976532402,-4.146155975412768,0.09227731077328749,0.3053210401752775
7.0,-4.0,6.792284335436513,-3.805195799870777,0.09227731077328749,-0.0010383840274812428
7.0,-4.0,7.200688360095391,-3.787025708769056,0.09227731077328749,0.3613267643656577
7.0,-4.0,6.76214592744541,-4.241341060946928,0.09227731077328749,-0.12224170111638855
7.0,-4.0,6.841429320997451,-3.820077836801856,0.09227731077328749,-0.44473903245786517
8.0,-3.0,8.1874787013713,-2.7973147796291293,1.363254346776269,1.178046403762869
9.0,-2.0,8.99125336913504,-1.8039255579174538,0.3513004687941981,-0.16862730500775147
9.0,-1.0,8.74612347010354,-1.0101501784754792,-2.053193420634707,-1.8222555605817714
8.0,-1.0,7.738229129047115,-0.9877595401693093,-1.1950056168042997,-0.8999052462087826
8.0,-1.0,7.985006785499946,-1.1660605058686522,-1.1950056168042997,-1.6141003694503033
7.0,-1.0,6.99529731223618,-1.2400305404810783,-0.03982668972971759,-0.2849764464065173
7.0,-2.0,6.8349602171720125,-1.827590123112678,-1.044885417570856,-1.0909778580424956
6.0,-1.0,5.986853930361645,-1.2034920409504608,-1.2815990677616977,-1.1716688339557455
6.0,-2.0,5.9904912765017775,-2.217267062639656,-0.8823622411556873,-1.2797168808022639
6.0,-3.0,5.736988472863139,-2.7280674061988512,-2.771862526672341,-2.0872192010918424
6.0,-3.0,6.026590216,-3.231528082774589,-2.771862526672341,-1.9922566680176357
5.0,-2.0,4.715235252698851,-2.2299643211799873,-0.11170140635371273,-0.006820131239123617
4.0,-3.0,4.264827573093073,-3.2440066030797112,0.3108696076869506,-0.1311996655926726
5.0,-4.0,4.763003409082351,-3.764868925290928,-1.410001127450065,-1.5070107394109367
4.0,-3.0,4.20302755540436,-2.9684574300903708,-1.6738843564465538,-1.5764547122217492
5.0,-3.0,4.9985579637101765,-3.150157947205199,-0.9653832776414961,-0.6420657832830038
5.0,-3.0,4.72573269685783,-2.738500799766262,-0.9653832776414961,-1.0151097434685366
4.0,-2.0,3.7372466768720765,-2.2678225467068844,-1.2808727368392379,-1.5065234649628971
3.0,-3.0,2.671139192302036,-2.9887109718127602,-2.090268538834902,-2.1772283925202762
2.0,-3.0,1.7884243265472586,-2.772796369134096,-2.3464767058399074,-1.7854887165268658
1.0,-2.0,0.9962056755182276,-1.9822722840245868,-0.09819235090667555,-0.28707176702221726
1.0,-2.0,0.9940944941916088,-1.8655489458079253,-0.09819235090667555,0.16428888253176077
1.0,-2.0,0.9941702130461203,-1.9901955700459804,-0.9177680540653296,-1.1442655652879976
1.0,-2.0,1.2387419956578012,-1.7448072439879738,-0.9177680540653296,-0.7801957544038953
1.0,-2.0,0.9962056755182276,-1.9822722840245868,-0.9177680540653296,-0.28707176702221726
1.0,-2.0,0.8278049800452361,-2.185969328334835,-1.9911544450179077,-1.945701423432331
0.0,-3.0,0.2445361251270275,-2.748782587602408,-1.800776989710371,-1.5990105467815865
1.0,-2.0,0.9941702130461203,-1.9901955700459804,-1.0202991556866727,-1.1442655652879976
1.0,-2.0,1.2387419956578012,-1.7448072439879738,-1.0202991556866727,-0.7801957544038953
2.0,-1.0,1.9911865827886546,-1.1704499997633138,-0.10427433198175584,-0.14533204591650606
2.0,-2.0,1.8273349281926365,-1.8306235285452348,-0.45004030791629457,-0.7734113646249228
1.0,-1.0,0.818298232212721,-1.0026779307798637,-2.4259549102041786,-2.0018507170560733
1.0,-1.0,0.7444922801178977,-0.9913892112018464,-2.4259549102041786,-1.9384186951862996
1.0,-1.0,1.2800444327504046,-1.002536329484657,-2.4259549102041786,-1.8487963091397377
1.0,-1.0,0.849824159444968,-1.1532764300797202,-2.4259549102041786,-1.8046258850831487
0.0,-1.0,-0.1753862505251924,-0.9837162258252056,-0.5090787133026351,-0.5573304669530272
0.0,-1.0,0.17056468532182545,-0.8201978997674031,-0.5090787133026351,-0.2961713051707844
1.0,0.0,0.7703651324989167,0.2318601674903975,0.5391425716743079,-0.11081731057418898
0.0,1.0,-0.015134921209648988,1.2669113598836161,-2.318473817442969,-1.7304749696351749
0.0,2.0,0.23938443959202438,1.7708011719306134,-0.22743060923975245,-0.38961916401638286
0.0,2.0,-0.016119614058880627,2.250392042435448,-2.866162535767125,-2.141126777986938
0.0,3.0,-0.17058204356372764,2.996938305025476,-0.17557608083773124,-0.49147286015656744
0.0,3.0,0.15250702237835378,3.015775244715117,-0.17557608083773124,-0.5153790648015721
0.0,3.0,0.008281877819514838,2.9919883710794415,-0.17557608083773124,-0.7738931418281869
-1.0,3.0,-1.0125146379552656,2.8013145979463343,-1.9983987718043672,-2.0834367591505374
-1.0,2.0,-0.765958283569832,2.279538584289828,-2.3999259029875812,-2.7840059943954296
-1.0,2.0,-1.0125146379552656,2.8013145979463343,-2.3999259029875812,-2.0834367591505374
0.0,3.0,-0.2736333646138618,3.325868463413677,-3.9260897826796546,-3.3211243936380663
-1.0,4.0,-0.6796979426072135,3.7058810565300933,-1.99442017544864,-1.5085837739739847
0.0,3.0,0.15250702237835378,3.015775244715117,-0.46493358152230135,-0.5153790648015721
0.0,3.0,-0.17058204356372764,2.996938305025476,-0.46493358152230135,-0.49147286015656744
0.0,3.0,0.008281877819514838,2.9919883710794415,-0.46493358152230135,-0.7738931418281869
0.0,3.0,0.15001355588356335,2.998550858090971,-1.6102607334239274,-1.4678363121058136
1.0,3.0,0.7229506614867585,2.9976765630228064,-0.7260784334696645,-0.5541165957372831
1.0,3.0,1.2985190397351825,3.2990607068126536,-0.7260784334696645,-0.704129566538511
0.0,3.0,-0.17058204356372764,2.996938305025476,-0.1673132292525552,-0.49147286015656744
0.0,3.0,0.15250702237835378,3.015775244715117,-0.1673132292525552,-0.5153790648015721
0.0,3.0,0.008281877819514838,2.9919883710794415,-0.1673132292525552,-0.7738931418281869
1.0,3.0,1.2457174490073277,2.7973963516776985,-2.376200344745093,-2.349912467088231
2.0,2.0,2.1698282110351013,2.0173613816188865,-2.1548783237444815,-1.953021862384185
2.0,2.0,2.149398375331454,2.162140432737447,-2.1548783237444815,-1.8976714205630834
2.0,2.0,1.8348885337780723,1.865210472471103,-2.1548783237444815,-1.8142844646360374
2.0,2.0,1.990698065208457,2.218385342561189,-2.1548783237444815,-1.4158690330348886
3.0,3.0,3.2215871855283353,3.2371096660260097,-0.4910246732053909,-0.7707510842197469
3.0,3.0,2.957066164246129,2.775713968704939,-0.4910246732053909,-0.9822512494951982
4.0,4.0,4.02590205078081,3.723386284724689,-1.6238909403658952,-0.9448051565651551
4.0,3.0,3.7835756192318737,2.982575423370392,1.158532899039045,0.7119721653533029
4.0,3.0,4.168112297802462,3.1796025383126514,1.158532899039045,-0.004113672581565364
3.0,3.0,2.957066164246129,2.775713968704939,-1.2069692592895387,-0.9822512494951982
3.0,3.0,2.8013633294251767,2.805713278071443,-1.2069692592895387,-1.385264241859546
3.0,3.0,3.2215871855283353,3.2371096660260097,-1.2069692592895387,-0.7707510842197469
2.0,2.0,2.1698282110351013,2.0173613816188865,-2.028935835752386,-1.953021862384185
2.0,2.0,2.149398375331454,2.162140432737447,-2.028935835752386,-1.8976714205630834
2.0,2.0,1.8348885337780723,1.865210472471103,-2.028935835752386,-1.8142844646360374
2.0,2.0,1.990698065208457,2.218385342561189,-2.028935835752386,-1.4158690330348886
3.0,2.0,3.1493976360542204,2.1390257605280163,-1.417422292550828,-1.4777433242722249
3.0,2.0,2.792694058068496,2.007837448177476,-1.417422292550828,-1.4785334802829488
3.0,2.0,3.2569124835340757,1.7901285316038043,-1.417422292550828,-0.8092976912111581
2.0,2.0,1.990698065208457,2.218385342561189,-1.5496631825228027,-1.4158690330348886
2.0,2.0,1.8348885337780723,1.865210472471103,-1.5496631825228027,-1.8142844646360374
2.0,2.0,2.149398375331454,2.162140432737447,-1.5496631825228027,-1.8976714205630834
2.0,2.0,2.1698282110351013,2.0173613816188865,-1.5496631825228027,-1.953021862384185
2.0,2.0,1.8309646276747151,2.0097327194623507,-1.5496631825228027,-1.0193572353835414
2.0,3.0,2.262560018148443,3.2677455937145368,-1.0859369720964005,-0.9251713701917276
2.0,3.0,2.0006443901439663,2.741599835930582,-1.0859369720964005,-0.5846276604537235
3.0,4.0,3.1824534061700973,3.814049009953635,-0.5878775922117743,-0.6571717572821887
4.0,3.0,3.8232823907089735,2.836914672587872,-1.0441640557508083,-0.9335067729117648
4.0,3.0,4.217319574671778,3.214060338533068,-1.0441640557508083,-1.1041563221098147
5.0,4.0,5.228952784533195,4.005498960125256,-1.272678452779836,-1.465590326468563
5.0,4.0,4.777203577788355,3.772266422876724,-1.272678452779836,-1.0318913295380607
4.0,3.0,4.142664267090734,3.165344434564865,-0.11008918333451434,-0.1490499921190649
4.0,3.0,4.168112297802462,3.1796025383126514,-0.11008918333451434,-0.004113672581565364
4.0,3.0,3.689460194099615,2.9817112420022767,-0.11008918333451434,-0.2595495174995286
3.0,3.0,2.957066164246129,2.775713968704939,-0.823563833888428,-0.9822512494951982
3.0,3.0,3.2215871855283353,3.2371096660260097,-0.823563833888428,-0.7707510842197469
3.0,2.0,3.1493976360542204,2.1390257605280163,-1.3332785219874528,-1.4777433242722249
3.0,2.0,2.792694058068496,2.007837448177476,-1.3332785219874528,-1.4785334802829488
3.0,2.0,3.2569124835340757,1.7901285316038043,-1.3332785219874528,-0.8092976912111581
4.0,3.0,4.019577678474279,2.996076697447327,-2.2396474716522317,-1.874584335975785
4.0,3.0,4.142664267090734,3.165344434564865,-0.21622547472861753,-0.1490499921190649
4.0,3.0,3.689460194099615,2.9817112420022767,-0.21622547472861753,-0.2595495174995286
4.0,3.0,4.168112297802462,3.1796025383126514,-0.21622547472861753,-0.004113672581565364
5.0,4.0,4.973790426518137,3.798597622539927,0.2648749323373636,0.2729171890995328
5.0,3.0,4.843554677697139,3.0105433322825332,0.20818308888077497,0.25464014283779224
4.0,3.0,3.7835756192318737,2.982575423370392,0.3740564863257576,0.7119721653533029
4.0,3.0,4.168112297802462,3.1796025383126514,0.3740564863257576,-0.004113672581565364
4.0,3.0,4.142664267090734,3.165344434564865,0.3740564863257576,-0.1490499921190649
4.0,3.0,3.689460194099615,2.9817112420022767,0.3740564863257576,-0.2595495174995286
5.0,4.0,5.228952784533195,4.005498960125256,-1.636396364134527,-1.465590326468563
5.0,4.0,4.777203577788355,3.772266422876724,-1.636396364134527,-1.0318913295380607
6.0,4.0,6.03414733001339,4.025237303916249,-0.8394700347389602,-1.4006408968934057
6.0,4.0,6.228569179989861,3.7838755899630456,-0.8394700347389602,-0.2887729624546581
6.0,4.0,6.007555961783861,3.776756420218339,-3.1571189169014504,-2.5022835549194853
6.0,3.0,5.999593457874476,3.2271171452642697,-0.11854780301290291,-0.19117736340400304
6.0,4.0,6.228569179989861,3.7838755899630456,-0.41234410443088687,-0.2887729624546581
7.0,3.0,7.244017534057541,3.006959343258856,0.1881331930331891,-0.043721672354213426
7.0,3.0,7.16093263717312,3.0285638103735746,0.1881331930331891,-0.5183431555435853
8.0,3.0,7.766336648861342,2.984095410927092,-0.7240329809874821,-0.793346945955575
8.0,3.0,8.209188164635774,2.776916558225068,-0.7240329809874821,-0.5213688771931859
7.0,3.0,6.998934317468314,3.210822548835205,-1.0533347397900235,-1.0522909618936334
7.0,3.0,7.16093263717312,3.0285638103735746,-1.0533347397900235,-0.5183431555435853
7.0,4.0,7.187332705736106,4.01176665709222,-0.9596248238961247,-1.1792027632263862
7.0,4.0,7.2787185050194125,3.964201000707206,-0.9596248238961247,-1.3909964236007573
8.0,4.0,8.189886074615446,4.184242013482685,-2.795717705503776,-2.1480539598035295
9.0,5.0,9.17108058016504,4.860798018585651,0.4924869961761855,0.23321658498937703
10.0,4.0,10.255051793901131,4.000746961064677,-1.1031372492845704,-1.1949904195513992
10.0,4.0,9.785064883276387,3.7885065892425276,-1.1031372492845704,-0.9308633943648132
10.0,5.0,9.976644435075125,4.772353142184233,0.9756729352789288,0.30604263716327607
10.0,5.0,10.00132469060399,5.303985048361926,0.9756729352789288,-0.05678362799788983
10.0,4.0,10.163276992557323,3.8126463677580267,-2.1320212650276864,-2.023711925395462
11.0,3.0,11.008893300919343,2.8368519515622026,-1.4951609082588875,-1.599366840766371
11.0,3.0,11.177492680491302,3.0300173633851983,-1.4951609082588875,-1.1858207228445206
11.0,3.0,10.993684438230655,2.779427151969799,-1.4951609082588875,-0.886698284360209
11.0,2.0,10.852431592482972,1.8559702407678982,-2.1667656264152453,-1.9598600456467583
11.0,2.0,11.277574142698898,1.9966945028540724,-2.1667656264152453,-1.7385383564798307
10.0,1.0,10.00825909413892,1.0010339262542933,-0.8531253960785422,-0.40211961617764946
10.0,1.0,10.27282128934312,1.2876818141575352,-0.8531253960785422,-0.6357208855736066
11.0,2.0,10.83834094677076,2.024752546793865,-0.13640599500179984,-0.17158474098340093
11.0,2.0,10.974786624143103,1.7762537004478123,-0.13640599500179984,-0.16254161679559775
11.0,2.0,10.75324773734447,2.2234392078495744,-0.13640599500179984,-0.083419165018074
11.0,2.0,11.164713639876908,2.0130511792440324,-0.13640599500179984,0.3540645485874978
11.0,1.0,11.179516506013162,0.9766333205211797,-0.296415011301695,-0.42289568239822306
11.0,1.0,10.784912225338212,1.0091924781275448,-0.296415011301695,-0.07362644382602157
12.0,1.0,11.990751988617603,1.0081218123865892,-1.0249195842112082,-0.8598054253406994
12.0,1.0,12.162329595715187,0.7744015597470535,-1.0249195842112082,-0.9469075984928798
12.0,1.0,12.27561033584918,1.27898159969227,-1.0249195842112082,-0.8909995284392
12.0,1.0,11.980911931022204,1.0014430183856344,-1.0249195842112082,-1.540890628121037
13.0,0.0,12.83092903026662,-0.007650500487246359,-0.6326321967657413,-0.718805351081078
11.0,1.0,10.80313773794097,1.1796796846941442,1.4661222378146062,0.9548486020507951
10.0,2.0,10.225112832315522,2.0120857223391044,-1.20436821141815,-0.9346483358299514
11.0,2.0,10.83834094677076,2.024752546793865,0.03226552688960549,-0.17158474098340093
11.0,2.0,10.974786624143103,1.7762537004478123,0.03226552688960549,-0.16254161679559775
11.0,2.0,10.75324773734447,2.2234392078495744,0.03226552688960549,-0.083419165018074
11.0,2.0,11.164713639876908,2.0130511792440324,0.03226552688960549,0.3540645485874978
10.0,3.0,10.265882810628248,2.73461123409266,-0.6071172938989191,-0.2485408638296045
11.0,2.0,11.164713639876908,2.0130511792440324,0.7669575449269781,0.3540645485874978
11.0,2.0,10.75324773734447,2.2234392078495744,0.7669575449269781,-0.083419165018074
11.0,2.0,10.83834094677076,2.024752546793865,0.7669575449269781,-0.17158474098340093
11.0,2.0,10.974786624143103,1.7762537004478123,0.7669575449269781,-0.16254161679559775
12.0,2.0,11.788231396001995,1.7767737280949567,-1.5197379533602051,-1.196296375280126
12.0,2.0,11.754970477688268,2.263145311477443,-1.5197379533602051,-1.2448809790022064
11.0,1.0,10.784912225338212,1.0091924781275448,-0.0409702400958496,-0.07362644382602157
11.0,1.0,11.179516506013162,0.9766333205211797,-0.0409702400958496,-0.42289568239822306
10.0,1.0,10.00825909413892,1.0010339262542933,-0.15697874732183414,-0.40211961617764946
10.0,1.0,10.27282128934312,1.2876818141575352,-0.15697874732183414,-0.6357208855736066
10.0,1.0,9.802282958411975,1.2188867921299682,-1.405007839403761,-1.5359697365235145
9.0,2.0,9.270123189732471,1.9832852193173034,-1.9442047647485539,-1.4125948959481271
10.0,2.0,10.160594800388012,2.0145426984223844,-0.029740327852739945,-0.22327785347329643
10.0,2.0,10.26361634765456,1.7858774805657016,-0.029740327852739945,0.46868071272988643
11.0,2.0,11.1784595852838,1.8030147090206068,-1.3144682474234695,-1.0242136424880768
11.0,2.0,11.277574142698898,1.9966945028540724,-1.3144682474234695,-1.7385383564798307
12.0,2.0,11.77647846962542,2.2364748472827736,-2.723472247628648,-2.083875385429795
11.0,3.0,11.25850300763804,2.746350297446957,-0.11509881452127568,-0.42131263436336064
12.0,2.0,11.788231396001995,1.7767737280949567,-1.3011277909867398,-1.196296375280126
12.0,2.0,11.754970477688268,2.263145311477443,-1.3011277909867398,-1.2448809790022064
11.0,3.0,11.177492680491302,3.0300173633851983,-1.0165056184310162,-1.1858207228445206
11.0,3.0,10.993684438230655,2.779427151969799,-1.0165056184310162,-0.886698284360209
11.0,3.0,11.008893300919343,2.8368519515622026,-1.0165056184310162,-1.599366840766371
11.0,2.0,10.83834094677076,2.024752546793865,-0.49455267147595106,-0.17158474098340093
11.0,2.0,10.974786624143103,1.7762537004478123,-0.49455267147595106,-0.16254161679559775
11.0,2.0,10.75324773734447,2.2234392078495744,-0.49455267147595106,-0.083419165018074
11.0,2.0,11.1784595852838,1.8030147090206068,-0.49455267147595106,-1.0242136424880768
10.0,2.0,10.26361634765456,1.7858774805657016,1.2316315483531168,0.46868071272988643
11.0,1.0,10.738659112587811,1.2474850866396352,-1.936646497118959,-1.9816311235056459
10.0,2.0,10.155600759001745,2.149828264010187,-2.076738390256261,-1.9346468232191107
11.0,3.0,11.177492680491302,3.0300173633851983,-1.1046150332894336,-1.1858207228445206
11.0,3.0,10.993684438230655,2.779427151969799,-1.1046150332894336,-0.886698284360209
11.0,3.0,11.008893300919343,2.8368519515622026,-1.1046150332894336,-1.599366840766371
12.0,3.0,11.743825200896683,2.801400447400998,-1.3593217700608344,-1.3219279331757368
11.0,2.0,11.1784595852838,1.8030147090206068,-1.1104438593709152,-1.0242136424880768
12.0,1.0,11.990751988617603,1.0081218123865892,-0.7119728410463013,-0.8598054253406994
12.0,1.0,12.162329595715187,0.7744015597470535,-0.7119728410463013,-0.9469075984928798
12.0,1.0,12.27561033584918,1.27898159969227,-0.7119728410463013,-0.8909995284392
12.0,1.0,12.200295150873282,1.221392767239533,-3.679377471967682,-3.064019013961226
13.0,2.0,12.98013548738535,2.0010394838341696,-0.6867620948291713,-0.7000377424453417
13.0,2.0,12.992484897110412,2.158085783925133,-0.6867620948291713,-0.7163237443335588
13.0,2.0,12.987372841086804,2.248145752135777,-0.6867620948291713,-1.109463078401539
13.0,3.0,13.00404807745178,2.755911753067351,-2.5268452840991875,-2.3000591859757407
13.0,2.0,12.987372841086804,2.248145752135777,-1.3908018906362611,-1.109463078401539
13.0,2.0,12.738100141506775,2.2329035049841823,-1.3908018906362611,-1.671484364791544
13.0,2.0,12.98013548738535,2.0010394838341696,-1.3908018906362611,-0.7000377424453417
13.0,2.0,12.992484897110412,2.158085783925133,-1.3908018906362611,-0.7163237443335588
12.0,3.0,11.979995203680264,3.252307833658362,-2.6431336521120725,-2.770931519514221
12.0,4.0,11.802064685800437,4.199756597801998,-3.1487804580104983,-2.9492490063870926
12.0,4.0,12.010431799707026,3.9996648056140307,-3.1487804580104983,-2.797258533033285
12.0,4.0,11.980892750459263,4.022985211341204,-0.9778428187387299,-0.8370937793595385
12.0,4.0,11.760507928230854,3.9865209892765296,-0.9778428187387299,-1.2570203077281537
11.0,4.0,10.78721281793436,4.027762042543752,-2.266972756465405,-2.502124955509025
11.0,4.0,10.81981741389779,4.195803178816447,-2.266972756465405,-2.0161450249255077
10.0,4.0,9.99285693587314,4.183811367510299,-3.308313902246288,-2.7940664260577277
10.0,5.0,10.004483709645834,5.193670412367207,-0.529478634454096,-0.49368043350880686
10.0,5.0,10.00132469060399,5.303985048361926,-0.529478634454096,-0.05678362799788983
10.0,6.0,10.292093097226369,6.297293209504147,-0.3017906184152065,-0.5305651386190502
11.0,7.0,11.156752937050312,6.84408204455009,-1.1397447892339325,-1.4175547606667613
12.0,6.0,12.246185264133947,5.757812471076505,-2.9498948542555503,-2.572221262149688
13.0,5.0,12.726764634566676,5.251029592990619,-1.2441037286727175,-1.3170234122099318
13.0,5.0,12.811566428832506,4.806228095402056,-1.2441037286727175,-1.6996075019335164
13.0,5.0,13.229579754863234,4.791709510859839,-1.2441037286727175,-0.7218708703861307
12.0,4.0,11.802064685800437,4.199756597801998,-3.282686174819019,-2.9492490063870926
12.0,4.0,12.010431799707026,3.9996648056140307,-3.282686174819019,-2.797258533033285
11.0,5.0,10.834224741860016,4.83285590383635,-1.6930136605803678,-1.5057071594696434
11.0,5.0,10.990705100318982,4.806280389401898,-1.6930136605803678,-1.9922186328032345
11.0,5.0,11.035144962626395,4.6951107510121375,-1.6930136605803678,-1.3261519207906014
11.0,5.0,10.99114857005018,5.004070747281996,-1.6930136605803678,-2.2073303842931793
10.0,4.0,10.25172089232783,4.25039940931792,-0.5664246663266235,-0.5302449536628899
10.0,4.0,9.785064883276387,3.7885065892425276,-0.5664246663266235,-0.9308633943648132
9.0,3.0,8.862563748865623,3.174799807643791,-2.04109386136044,-1.8839633800855025
8.0,4.0,7.814200584251202,4.023639806779874,-1.179638439921685,-1.138543580463724
8.0,4.0,7.99326868841295,4.165163044389728,-1.179638439921685,-1.3306328680451731
8.0,4.0,8.233286154423231,3.9911629122921584,-1.179638439921685,-1.6063813244899516
7.0,4.0,7.187332705736106,4.01176665709222,-1.1577689082920075,-1.1792027632263862
7.0,4.0,7.2787185050194125,3.964201000707206,-1.1577689082920075,-1.3909964236007573
8.0,4.0,7.99326868841295,4.165163044389728,-1.2609365717042338,-1.3306328680451731
8.0,4.0,7.814200584251202,4.023639806779874,-1.2609365717042338,-1.138543580463724
8.0,4.0,8.233286154423231,3.9911629122921584,-1.2609365717042338,-1.6063813244899516
8.0,5.0,8.01785087427927,4.69631953614155,-1.652652392971453,-1.669424470671765
8.0,4.0,8.233286154423231,3.9911629122921584,-1.6942002551625883,-1.6063813244899516
8.0,4.0,7.99326868841295,4.165163044389728,-1.6942002551625883,-1.3306328680451731
8.0,4.0,8.189886074615446,4.184242013482685,-1.6942002551625883,-2.1480539598035295
8.0,4.0,7.814200584251202,4.023639806779874,-1.6942002551625883,-1.138543580463724
9.0,4.0,9.21384884352253,4.212538383969393,-1.3473632272358806,-1.211818054443088
10.0,5.0,10.004483709645834,5.193670412367207,-0.7369714845821371,-0.49368043350880686
10.0,5.0,10.222356012332314,5.211993399940062,-0.7369714845821371,-1.0961263353523842
11.0,6.0,11.023798088566002,5.688165618301536,-2.3920568565467173,-2.2888002547092574
11.0,6.0,11.220445176471369,6.014691360556745,-2.3920568565467173,-2.0835099434336946
12.0,6.0,12.176155622254878,6.02119463597624,-1.0892250337133227,-1.2222303497306823
12.0,6.0,11.827096456670056,5.844118367258031,-1.0892250337133227,-1.0656252418369607
12.0,6.0,11.753452886105451,5.984587396558456,-1.0892250337133227,-1.344230151736424
11.0,6.0,11.220445176471369,6.014691360556745,-2.2342708123763493,-2.0835099434336946
11.0,6.0,11.023798088566002,5.688165618301536,-2.2342708123763493,-2.2888002547092574
11.0,5.0,10.99114857005018,5.004070747281996,-2.4554309340608804,-2.2073303842931793
11.0,5.0,10.990705100318982,4.806280389401898,-2.4554309340608804,-1.9922186328032345
11.0,5.0,11.035144962626395,4.6951107510121375,-1.2487454043685886,-1.3261519207906014
11.0,5.0,11.157097176298782,5.1680397013716295,-1.2487454043685886,-0.9964827516968402
11.0,5.0,10.834224741860016,4.83285590383635,-1.2487454043685886,-1.5057071594696434
12.0,6.0,11.991828188045329,5.993478009360143,0.23431938991372236,0.039835329626570104
12.0,6.0,11.827096456670056,5.844118367258031,-0.6799411494953003,-1.0656252418369607
12.0,6.0,12.176155622254878,6.02119463597624,-0.6799411494953003,-1.2222303497306823
11.0,5.0,10.99114857005018,5.004070747281996,-2.593248717821555,-2.2073303842931793
11.0,5.0,10.990705100318982,4.806280389401898,-2.593248717821555,-1.9922186328032345
11.0,4.0,11.020606394690882,3.993687787895915,0.3851753656412402,-0.25466748344427104
11.0,4.0,10.78721281793436,4.027762042543752,-2.5704299159957467,-2.502124955509025
11.0,4.0,10.81981741389779,4.195803178816447,-2.5704299159957467,-2.0161450249255077
10.0,5.0,9.976644435075125,4.772353142184233,0.552580731217764,0.30604263716327607
10.0,5.0,10.00132469060399,5.303985048361926,0.552580731217764,-0.05678362799788983
10.0,6.0,10.158340982216789,5.839701620308802,-1.4555076457675038,-1.188076270112003
11.0,5.0,10.6806401244925,4.664020259946964,0.05681812983425916,-0.05993209707747804
11.0,5.0,11.22517503075051,4.789103328733593,0.05681812983425916,-0.32242198757428897
10.0,4.0,10.25172089232783,4.25039940931792,-0.19278499668557458,-0.5302449536628899
11.0,5.0,10.834224741860016,4.83285590383635,-1.5230650233097314,-1.5057071594696434
11.0,5.0,11.035144962626395,4.6951107510121375,-1.5230650233097314,-1.3261519207906014
11.0,5.0,10.990705100318982,4.806280389401898,-1.5230650233097314,-1.9922186328032345
11.0,5.0,11.157097176298782,5.1680397013716295,-1.5230650233097314,-0.9964827516968402
11.0,4.0,11.011170278035406,4.2533674428661925,-0.7961909028763702,-0.658824698697716
11.0,4.0,10.75750988139093,4.297712932666335,-0.7961909028763702,-0.7245230460056478
11.0,4.0,11.020606394690882,3.993687787895915,-0.7961909028763702,-0.25466748344427104
11.0,5.0,11.22517503075051,4.789103328733593,-0.23129120679858517,-0.32242198757428897
11.0,5.0,10.6806401244925,4.664020259946964,-0.23129120679858517,-0.05993209707747804
12.0,4.0,11.980892750459263,4.022985211341204,-0.5615493196146271,-0.8370937793595385
12.0,4.0,12.009119548359967,3.9853386175677468,-1.894411421779201,-1.8617709011667627
12.0,4.0,12.188674172209218,3.9750032965840782,-1.894411421779201,-1.6051483115053145
12.0,4.0,11.760507928230854,3.9865209892765296,-1.894411421779201,-1.2570203077281537
12.0,4.0,12.009119548359967,3.9853386175677468,-1.7070798144869423,-1.8617709011667627
12.0,4.0,12.188674172209218,3.9750032965840782,-1.7070798144869423,-1.6051483115053145
12.0,4.0,11.760507928230854,3.9865209892765296,-1.7070798144869423,-1.2570203077281537
13.0,4.0,13.005830900437816,4.257124757006606,-1.2148788473570944,-1.2511630446788142
13.0,5.0,12.726764634566676,5.251029592990619,-1.3105825733193668,-1.3170234122099318
13.0,5.0,12.811566428832506,4.806228095402056,-1.3105825733193668,-1.6996075019335164
13.0,5.0,13.229579754863234,4.791709510859839,-1.3105825733193668,-0.7218708703861307
12.0,6.0,12.176155622254878,6.02119463597624,-1.2665491536253155,-1.2222303497306823
12.0,6.0,11.753452886105451,5.984587396558456,-1.2665491536253155,-1.344230151736424
12.0,6.0,11.827096456670056,5.844118367258031,-1.2665491536253155,-1.0656252418369607
13.0,6.0,13.196750381252684,6.185422165761699,-0.8522319806330894,-0.7410637851482467
13.0,6.0,13.006887361812137,6.011793337738858,-0.8522319806330894,-1.334398969470711
13.0,6.0,13.238140894721028,6.002648354392001,-0.8522319806330894,-1.3329199455913867
13.0,6.0,12.98794164444392,5.713672472103048,-0.8522319806330894,-0.284737633723127
14.0,7.0,13.702417906259246,6.720369302859924,-0.26159640596970846,-0.41326837110128123
13.0,6.0,13.196750381252684,6.185422165761699,-0.7955513102123954,-0.7410637851482467
13.0,6.0,13.006887361812137,6.011793337738858,-0.7955513102123954,-1.334398969470711
13.0,6.0,12.98794164444392,5.713672472103048,-0.7955513102123954,-0.284737633723127
13.0,6.0,13.238140894721028,6.002648354392001,-0.7955513102123954,-1.3329199455913867
14.0,6.0,14.242369200893766,6.221380695680011,-3.146309004518555,-3.097582656665564
15.0,7.0,14.728289522903928,6.73265030326557,-2.9085112594836504,-2.624468893691982
14.0,6.0,14.03462264269568,5.722914336642078,-1.7488397709585977,-1.7539045690029555
14.0,5.0,13.752002507663455,4.732326768835168,-1.6842671069026158,-1.7115050068980375
13.0,4.0,13.200920280402014,4.019481978777451,-1.8375919209314482,-1.926446939205966
13.0,4.0,13.005830900437816,4.257124757006606,-1.8375919209314482,-1.2511630446788142
14.0,4.0,13.970253756099035,4.232360352059455,-2.4472912110719864,-1.7626891146225292
14.0,5.0,14.182619168456574,4.798198884160185,0.4356088350669771,0.548678275724519
15.0,4.0,15.292247123935208,4.277876240078893,0.9764709419953761,0.33200694455671065
16.0,5.0,15.795068717555434,4.978380836648282,-1.3657642273169242,-0.9891348374894263
15.0,5.0,15.158651994384336,5.0070124524056006,0.411582528455571,0.3746673003014749
16.0,5.0,16.00460172936591,4.790905531789113,0.15938457528945849,0.3446887497965272
16.0,4.0,15.983054076545027,4.014817243786981,1.0876631290731398,0.9852932728717312
16.0,4.0,16.154042867130915,3.9999465812458874,1.0876631290731398,0.07506056178230569
16.0,4.0,16.154042867130915,3.9999465812458874,0.3966136002026617,0.07506056178230569
16.0,4.0,15.983054076545027,4.014817243786981,0.3966136002026617,0.9852932728717312
16.0,4.0,16.000431677365395,3.8328774032625637,0.3966136002026617,-0.45928064118266754
17.0,4.0,17.023271322836177,4.287241551351082,-1.430126159124593,-1.4140270708329845
17.0,5.0,16.804139250917324,5.171616772644052,-1.3952549087581423,-1.3409072601316177
16.0,6.0,15.779988443595737,5.814572284788971,-1.1566602451577541,-1.1849166259928035
15.0,5.0,15.300931162824622,4.708282315081566,-1.1999142074531148,-0.9414722900826772
16.0,4.0,16.000431677365395,3.8328774032625637,-0.3819313642301848,-0.45928064118266754
16.0,4.0,16.236820737284788,4.001294844745119,-0.3819313642301848,-0.7900499686347018
16.0,4.0,16.154042867130915,3.9999465812458874,-0.3819313642301848,0.07506056178230569
16.0,3.0,16.02524051765644,3.2100466461624677,-0.7653542769102363,-0.8068405118184501
16.0,4.0,16.236820737284788,4.001294844745119,-0.8440416483020663,-0.7900499686347018
16.0,4.0,16.000431677365395,3.8328774032625637,-0.8440416483020663,-0.45928064118266754
17.0,4.0,17.19465442515784,4.240185432491676,-0.6286862797661819,-0.8303015822152422
18.0,5.0,18.233355922220383,5.259307439600533,-1.558101317518474,-1.6637584990366696
19.0,6.0,19.029079609014957,6.003377018134672,-1.9369802049591813,-1.4054132223666858
19.0,6.0,18.76149904066413,6.267193522570968,-0.20174729218720355,-0.5563906363451148
18.0,7.0,18.020091616937822,7.270335150853512,-1.5370840423672432,-1.403963332585139
18.0,8.0,17.9976896891813,8.004119710733123,-1.1445907230412584,-1.1388161835764212
18.0,8.0,17.811533285711945,7.9916283271499235,-1.1445907230412584,-1.2637448789185939
18.0,8.0,17.73056081245601,8.275815647088969,-1.1445907230412584,-0.688726910041742
18.0,8.0,17.9976896891813,8.004119710733123,-1.2232838516639333,-1.1388161835764212
18.0,8.0,17.811533285711945,7.9916283271499235,-1.2232838516639333,-1.2637448789185939
18.0,8.0,17.73056081245601,8.275815647088969,-1.2232838516639333,-0.688726910041742
17.0,8.0,16.73492065569126,8.257598450169953,-1.316213715693608,-1.1769353146465096
16.0,9.0,16.196157467124312,9.009849100601093,-0.7753537436513978,-0.7841691773307005
17.0,9.0,17.000980849907766,8.982868376381765,-0.874085415766017,-0.5826438930104652
17.0,9.0,16.682132608724984,8.686774398173103,-0.874085415766017,-0.9903123329989836
16.0,8.0,16.197453523259867,7.794066595684992,-1.3991619228148342,-1.2771115379544093
17.0,7.0,16.996507639458407,7.002526626974882,-0.5168062309237641,-0.7177387705645162
17.0,7.0,17.235571347015775,7.240790701809281,-0.5168062309237641,-0.49729422963588854
18.0,8.0,17.73056081245601,8.275815647088969,-0.46135831602194566,-0.688726910041742
18.0,8.0,17.9976896891813,8.004119710733123,-0.46135831602194566,-1.1388161835764212
17.0,9.0,16.682132608724984,8.686774398173103,-1.3118028913884845,-0.9903123329989836
17.0,9.0,16.81919888907826,8.996842830824963,2.040340488186258,1.4185404716444125
16.0,9.0,15.757154464185,8.985394611868566,-1.4796346036578645,-1.6414595137365233
16.0,9.0,16.196157467124312,9.009849100601093,-1.4796346036578645,-0.7841691773307005
15.0,9.0,15.261790881155928,8.755236714253767,-2.0200574775763904,-1.909498283699084
15.0,9.0,15.008450811370409,9.030011166353482,-2.0200574775763904,-1.5292202335632585
15.0,9.0,14.82799528180774,9.133281383371196,0.3210849917577978,-0.20932423821037205
14.0,10.0,14.183943786893645,9.79482919506492,-2.792906859074508,-2.6273396634136423
15.0,9.0,15.261790881155928,8.755236714253767,-1.9512850091159755,-1.909498283699084
15.0,9.0,15.008450811370409,9.030011166353482,-1.9512850091159755,-1.5292202335632585
16.0,8.0,16.21186790656478,8.009438222768392,-1.873681998531977,-2.0238028181188503
16.0,8.0,16.197453523259867,7.794066595684992,-1.873681998531977,-1.2771115379544093
17.0,8.0,16.980634516060036,7.781664122489683,-2.5802890026277474,-2.1600526303760166
17.0,7.0,16.996507639458407,7.002526626974882,-0.45385917453591995,-0.7177387705645162
17.0,7.0,17.235571347015775,7.240790701809281,-0.45385917453591995,-0.49729422963588854
17.0,7.0,16.994573430771858,7.00840107984178,-2.1147230874866243,-2.5278985946375845
16.0,8.0,15.83132874634397,7.844928904468363,0.08900139823257391,-0.22240622040564628
15.0,7.0,15.003051659208467,7.142256887884834,-1.7622776027803084,-1.3559995439617474
15.0,8.0,14.81238690668879,8.213957853694083,0.7652419163821047,0.6578255186067707
14.0,9.0,13.981378864068107,8.98694932316853,0.10126961268992152,-0.3622157512157336
14.0,9.0,13.70716142815229,8.74416384278412,-1.4088492428773753,-1.1912002115432636
13.0,8.0,12.801952682313244,7.816338154668308,-0.5963826905212518,-0.39756925971724066
12.0,7.0,12.259663159955412,6.98887452904729,0.4078187066373211,0.2293573519169323
12.0,7.0,12.270137421576772,7.026077106774618,0.4078187066373211,0.05930686585610623
13.0,7.0,12.798554639655586,6.987434788222526,-0.3844144935634921,-0.6608329985482904
13.0,7.0,13.259388661001186,7.290793270541613,-0.3844144935634921,-0.5214739255450016
13.0,8.0,12.994565637165817,7.858163210231517,1.8658861159413025,1.5223168247767656
13.0,7.0,12.798554639655586,6.987434788222526,-0.4981645814534146,-0.6608329985482904
13.0,7.0,13.259388661001186,7.290793270541613,-0.4981645814534146,-0.5214739255450016
12.0,7.0,12.020680145331175,7.027701630571579,-1.4570672634358501,-1.1761348115364814
12.0,7.0,12.213273332481704,6.766013873304733,-0.5596656015754372,-0.4488445305590404
12.0,7.0,12.020680145331175,7.027701630571579,-0.5596656015754372,-1.1761348115364814
13.0,6.0,12.98794164444392,5.713672472103048,-0.0590251189541412,-0.284737633723127
13.0,6.0,13.196750381252684,6.185422165761699,-0.0590251189541412,-0.7410637851482467
13.0,5.0,13.229579754863234,4.791709510859839,-0.8580177552488788,-0.7218708703861307
13.0,5.0,12.726764634566676,5.251029592990619,-0.8580177552488788,-1.3170234122099318
14.0,4.0,14.00558983888537,3.7429293592549353,-0.13245842188976487,0.02873769711310792
14.0,4.0,13.777851718613984,3.779217988213631,-0.13245842188976487,-0.6176379825368188
13.0,3.0,13.00404807745178,2.755911753067351,-1.9878157208192309,-2.3000591859757407
13.0,3.0,12.995674511025396,3.191333933521652,-1.9878157208192309,-1.453557545292058
13.0,3.0,13.23096764464073,2.961420357066998,-1.9878157208192309,-1.437965130872377
14.0,3.0,14.010441458148582,2.701684970196037,0.1541104469874104,-0.2932306969941041
14.0,3.0,14.323268529227132,3.317891051917784,0.1541104469874104,-0.35183804803345864
14.0,2.0,14.001009088690829,1.9895611264725974,-1.5315465221527542,-1.639531533483165
14.0,2.0,13.814276955277474,1.8208338398327646,-1.5315465221527542,-1.8854874617160853
14.0,2.0,13.814276955277474,1.8208338398327646,-2.0031712490553133,-1.8854874617160853
14.0,2.0,14.001009088690829,1.9895611264725974,-2.0031712490553133,-1.639531533483165
13.0,1.0,12.82090610145236,1.022242147870684,-1.1807443287212476,-1.1237134963287876
12.0,1.0,11.990751988617603,1.0081218123865892,-0.8442666841734858,-0.8598054253406994
12.0,1.0,12.162329595715187,0.7744015597470535,-0.8442666841734858,-0.9469075984928798
12.0,1.0,12.27561033584918,1.27898159969227,-0.8442666841734858,-0.8909995284392
12.0,1.0,11.990751988617603,1.0081218123865892,-0.9603307214137204,-0.8598054253406994
12.0,1.0,12.162329595715187,0.7744015597470535,-0.9603307214137204,-0.9469075984928798
12.0,1.0,12.27561033584918,1.27898159969227,-0.9603307214137204,-0.8909995284392
12.0,1.0,11.980911931022204,1.0014430183856344,-0.9603307214137204,-1.540890628121037
13.0,2.0,12.98013548738535,2.0010394838341696,-0.7212084882643086,-0.7000377424453417
13.0,2.0,12.992484897110412,2.158085783925133,-0.7212084882643086,-0.7163237443335588
13.0,2.0,12.987372841086804,2.248145752135777,-0.7212084882643086,-1.109463078401539
13.0,2.0,12.98013548738535,2.0010394838341696,-0.5164263780222974,-0.7000377424453417
13.0,2.0,12.992484897110412,2.158085783925133,-0.5164263780222974,-0.7163237443335588
13.0,2.0,12.987372841086804,2.248145752135777,-0.5164263780222974,-1.109463078401539
13.0,3.0,12.995674511025396,3.191333933521652,-1.7355157330194269,-1.453557545292058
13.0,3.0,13.23096764464073,2.961420357066998,-1.7355157330194269,-1.437965130872377
13.0,4.0,13.175639506697074,4.183529554636867,-0.19902921942335683,-0.40751284180391034
13.0,4.0,13.197801158374116,4.192705776432557,-0.19902921942335683,0.20374527361948913
14.0,5.0,13.752002507663455,4.732326768835168,-1.367498613723049,-1.7115050068980375
14.0,5.0,13.720356422308644,4.716300793813031,-1.367498613723049,-0.8533925951156881
13.0,4.0,13.197801158374116,4.192705776432557,0.4591555550418882,0.20374527361948913
13.0,4.0,13.175639506697074,4.183529554636867,0.4591555550418882,-0.40751284180391034
14.0,5.0,14.016110592499954,4.7341688909718656,-0.9165698867404273,-0.6696800341745222
14.0,5.0,13.720356422308644,4.716300793813031,-0.9165698867404273,-0.8533925951156881
14.0,5.0,13.705178185308847,5.237771563958054,-0.9165698867404273,-0.589493639070978
14.0,4.0,14.00558983888537,3.7429293592549353,-0.032657613223938564,0.02873769711310792
14.0,4.0,13.777851718613984,3.779217988213631,-0.032657613223938564,-0.6176379825368188
14.0,3.0,14.010441458148582,2.701684970196037,0.07959237353026527,-0.2932306969941041
14.0,3.0,14.323268529227132,3.317891051917784,0.07959237353026527,-0.35183804803345864
15.0,4.0,14.722544387919331,4.25061259344983,-1.4504328971348306,-1.163419164041418
14.0,5.0,14.016110592499954,4.7341688909718656,-0.3322836131575134,-0.6696800341745222
14.0,5.0,13.705178185308847,5.237771563958054,-0.3322836131575134,-0.589493639070978
13.0,6.0,13.006887361812137,6.011793337738858,-1.3125464430880207,-1.334398969470711
13.0,6.0,13.238140894721028,6.002648354392001,-1.3125464430880207,-1.3329199455913867
13.0,6.0,12.733599632484625,5.747698311060551,-1.3125464430880207,-1.3345923986397572
13.0,6.0,12.737543580265791,6.304404758828625,-1.3125464430880207,-1.4295843618219741
13.0,6.0,13.196750381252684,6.185422165761699,-1.3125464430880207,-0.7410637851482467
13.0,6.0,13.006887361812137,6.011793337738858,-1.482066598626146,-1.334398969470711
13.0,6.0,13.238140894721028,6.002648354392001,-1.482066598626146,-1.3329199455913867
13.0,6.0,12.733599632484625,5.747698311060551,-1.482066598626146,-1.3345923986397572
13.0,6.0,12.737543580265791,6.304404758828625,-1.482066598626146,-1.4295843618219741
12.0,5.0,12.18428588811863,5.182115466967425,-0.9132978871595786,-1.084287062940951
13.0,6.0,13.006887361812137,6.011793337738858,-2.0790219867156456,-1.334398969470711
12.0,7.0,12.259663159955412,6.98887452904729,0.286913717312439,0.2293573519169323
12.0,7.0,12.270137421576772,7.026077106774618,0.286913717312439,0.05930686585610623
12.0,7.0,12.213273332481704,6.766013873304733,0.286913717312439,-0.4488445305590404
13.0,7.0,12.798554639655586,6.987434788222526,-0.5183566764141262,-0.6608329985482904
13.0,7.0,13.259388661001186,7.290793270541613,-0.5183566764141262,-0.5214739255450016
14.0,8.0,13.805230879829915,8.22106381916647,-0.6051489480328343,-0.46040292547488915
13.0,9.0,12.785320257740702,8.986672306722255,0.08248331500531791,0.341595516047813